------------------------------------------
Triangles: 0
Regular Edges: 0
Singular Edges: 0
------------------------------------------
------------------------------------------
Triangle 1
0.592592592592592559697095566662030000000000000000000000000000000000 0.555555555555555580227178325003480000000000000000000000000000000000 0.555555555555555580227178325003480000000000000000000000000000000000 0.592592592592592559697095566662030000000000000000000000000000000000 0.555555555555555580227178325003480000000000000000000000000000000000 0.555555555555555580227178325003480000000000000000000000000000000000
Triangle 2
0.407407407407407384791753202080140000000000000000000000000000000000 0.185185185185185174905342364581880000000000000000000000000000000000 0.370370370370370349810684729163770000000000000000000000000000000000 0.185185185185185174905342364581880000000000000000000000000000000000 0.407407407407407384791753202080140000000000000000000000000000000000 0.148148148148148139924273891665510000000000000000000000000000000000
Triangle 3
0.333333333333333314829616256247390000000000000000000000000000000000 0.148148148148148139924273891665510000000000000000000000000000000000 0.296296296296296279848547783331010000000000000000000000000000000000 0.111111111111111104943205418749130000000000000000000000000000000000 0.333333333333333314829616256247390000000000000000000000000000000000 0.111111111111111104943205418749130000000000000000000000000000000000
Triangle 4
0.370370370370370349810684729163770000000000000000000000000000000000 0.074074074074074069962136945832750000000000000000000000000000000000 0.333333333333333314829616256247390000000000000000000000000000000000 0.111111111111111104943205418749130000000000000000000000000000000000 0.333333333333333314829616256247390000000000000000000000000000000000 0.074074074074074069962136945832750000000000000000000000000000000000
Triangle 5
0.555555555555555580227178325003480000000000000000000000000000000000 0.518518518518518489734958620829270000000000000000000000000000000000 0.518518518518518489734958620829270000000000000000000000000000000000 0.518518518518518489734958620829270000000000000000000000000000000000 0.555555555555555580227178325003480000000000000000000000000000000000 0.481481481481481454753890147912900000000000000000000000000000000000
Triangle 6
0.518518518518518489734958620829270000000000000000000000000000000000 0.555555555555555580227178325003480000000000000000000000000000000000 0.518518518518518489734958620829270000000000000000000000000000000000 0.518518518518518489734958620829270000000000000000000000000000000000 0.555555555555555580227178325003480000000000000000000000000000000000 0.518518518518518489734958620829270000000000000000000000000000000000
Triangle 7
0.370370370370370349810684729163770000000000000000000000000000000000 0.111111111111111104943205418749130000000000000000000000000000000000 0.333333333333333314829616256247390000000000000000000000000000000000 0.148148148148148139924273891665510000000000000000000000000000000000 0.333333333333333314829616256247390000000000000000000000000000000000 0.111111111111111104943205418749130000000000000000000000000000000000
Triangle 8
0.444444444444444419772821674996520000000000000000000000000000000000 0.296296296296296279848547783331010000000000000000000000000000000000 0.444444444444444419772821674996520000000000000000000000000000000000 0.259259259259259244867479310414640000000000000000000000000000000000 0.481481481481481454753890147912900000000000000000000000000000000000 0.259259259259259244867479310414640000000000000000000000000000000000
Triangle 9
0.333333333333333314829616256247390000000000000000000000000000000000 0.111111111111111104943205418749130000000000000000000000000000000000 0.296296296296296279848547783331010000000000000000000000000000000000 0.111111111111111104943205418749130000000000000000000000000000000000 0.333333333333333314829616256247390000000000000000000000000000000000 0.074074074074074069962136945832750000000000000000000000000000000000
Triangle 10
0.407407407407407384791753202080140000000000000000000000000000000000 0.111111111111111104943205418749130000000000000000000000000000000000 0.407407407407407384791753202080140000000000000000000000000000000000 0.074074074074074069962136945832750000000000000000000000000000000000 0.444444444444444419772821674996520000000000000000000000000000000000 0.111111111111111104943205418749130000000000000000000000000000000000
Triangle 11
0.333333333333333314829616256247390000000000000000000000000000000000 0.074074074074074069962136945832750000000000000000000000000000000000 0.296296296296296279848547783331010000000000000000000000000000000000 0.074074074074074069962136945832750000000000000000000000000000000000 0.333333333333333314829616256247390000000000000000000000000000000000 0.037037037037037034981068472916380000000000000000000000000000000000
Triangle 12
0.370370370370370349810684729163770000000000000000000000000000000000 0.074074074074074069962136945832750000000000000000000000000000000000 0.333333333333333314829616256247390000000000000000000000000000000000 0.074074074074074069962136945832750000000000000000000000000000000000 0.370370370370370349810684729163770000000000000000000000000000000000 0.037037037037037034981068472916380000000000000000000000000000000000
Triangle 13
0.370370370370370349810684729163770000000000000000000000000000000000 0.111111111111111104943205418749130000000000000000000000000000000000 0.407407407407407384791753202080140000000000000000000000000000000000 0.111111111111111104943205418749130000000000000000000000000000000000 0.370370370370370349810684729163770000000000000000000000000000000000 0.148148148148148139924273891665510000000000000000000000000000000000
Triangle 14
0.407407407407407384791753202080140000000000000000000000000000000000 0.148148148148148139924273891665510000000000000000000000000000000000 0.444444444444444419772821674996520000000000000000000000000000000000 0.148148148148148139924273891665510000000000000000000000000000000000 0.407407407407407384791753202080140000000000000000000000000000000000 0.185185185185185174905342364581880000000000000000000000000000000000
Triangle 15
0.370370370370370349810684729163770000000000000000000000000000000000 0.111111111111111104943205418749130000000000000000000000000000000000 0.370370370370370349810684729163770000000000000000000000000000000000 0.148148148148148139924273891665510000000000000000000000000000000000 0.333333333333333314829616256247390000000000000000000000000000000000 0.148148148148148139924273891665510000000000000000000000000000000000
Triangle 16
0.555555555555555580227178325003480000000000000000000000000000000000 0.333333333333333314829616256247390000000000000000000000000000000000 0.518518518518518489734958620829270000000000000000000000000000000000 0.370370370370370349810684729163770000000000000000000000000000000000 0.518518518518518489734958620829270000000000000000000000000000000000 0.333333333333333314829616256247390000000000000000000000000000000000
Triangle 17
0.370370370370370349810684729163770000000000000000000000000000000000 0.185185185185185174905342364581880000000000000000000000000000000000 0.333333333333333314829616256247390000000000000000000000000000000000 0.185185185185185174905342364581880000000000000000000000000000000000 0.370370370370370349810684729163770000000000000000000000000000000000 0.148148148148148139924273891665510000000000000000000000000000000000
Triangle 18
0.518518518518518489734958620829270000000000000000000000000000000000 0.703703703703703720151452216668990000000000000000000000000000000000 0.555555555555555580227178325003480000000000000000000000000000000000 0.703703703703703720151452216668990000000000000000000000000000000000 0.518518518518518489734958620829270000000000000000000000000000000000 0.740740740740740699621369458327540000000000000000000000000000000000
Triangle 19
0.444444444444444419772821674996520000000000000000000000000000000000 0.592592592592592559697095566662030000000000000000000000000000000000 0.407407407407407384791753202080140000000000000000000000000000000000 0.592592592592592559697095566662030000000000000000000000000000000000 0.444444444444444419772821674996520000000000000000000000000000000000 0.555555555555555580227178325003480000000000000000000000000000000000
Triangle 20
0.407407407407407384791753202080140000000000000000000000000000000000 0.555555555555555580227178325003480000000000000000000000000000000000 0.444444444444444419772821674996520000000000000000000000000000000000 0.555555555555555580227178325003480000000000000000000000000000000000 0.407407407407407384791753202080140000000000000000000000000000000000 0.592592592592592559697095566662030000000000000000000000000000000000
Triangle 21
0.407407407407407384791753202080140000000000000000000000000000000000 0.222222222222222209886410837498260000000000000000000000000000000000 0.444444444444444419772821674996520000000000000000000000000000000000 0.296296296296296279848547783331010000000000000000000000000000000000 0.333333333333333314829616256247390000000000000000000000000000000000 0.185185185185185174905342364581880000000000000000000000000000000000
Triangle 22
0.518518518518518489734958620829270000000000000000000000000000000000 0.555555555555555580227178325003480000000000000000000000000000000000 0.555555555555555580227178325003480000000000000000000000000000000000 0.555555555555555580227178325003480000000000000000000000000000000000 0.555555555555555580227178325003480000000000000000000000000000000000 0.592592592592592559697095566662030000000000000000000000000000000000
Triangle 23
0.333333333333333314829616256247390000000000000000000000000000000000 0.185185185185185174905342364581880000000000000000000000000000000000 0.296296296296296279848547783331010000000000000000000000000000000000 0.111111111111111104943205418749130000000000000000000000000000000000 0.333333333333333314829616256247390000000000000000000000000000000000 0.148148148148148139924273891665510000000000000000000000000000000000
Triangle 24
0.481481481481481454753890147912900000000000000000000000000000000000 0.592592592592592559697095566662030000000000000000000000000000000000 0.444444444444444419772821674996520000000000000000000000000000000000 0.629629629629629650189315270836230000000000000000000000000000000000 0.444444444444444419772821674996520000000000000000000000000000000000 0.592592592592592559697095566662030000000000000000000000000000000000
Triangle 25
0.296296296296296279848547783331010000000000000000000000000000000000 0.074074074074074069962136945832750000000000000000000000000000000000 0.296296296296296279848547783331010000000000000000000000000000000000 0.037037037037037034981068472916380000000000000000000000000000000000 0.333333333333333314829616256247390000000000000000000000000000000000 0.037037037037037034981068472916380000000000000000000000000000000000
Triangle 26
0.518518518518518489734958620829270000000000000000000000000000000000 0.740740740740740699621369458327540000000000000000000000000000000000 0.481481481481481454753890147912900000000000000000000000000000000000 0.740740740740740699621369458327540000000000000000000000000000000000 0.518518518518518489734958620829270000000000000000000000000000000000 0.703703703703703720151452216668990000000000000000000000000000000000
Triangle 27
0.444444444444444419772821674996520000000000000000000000000000000000 0.666666666666666629659232512494780000000000000000000000000000000000 0.407407407407407384791753202080140000000000000000000000000000000000 0.592592592592592559697095566662030000000000000000000000000000000000 0.444444444444444419772821674996520000000000000000000000000000000000 0.629629629629629650189315270836230000000000000000000000000000000000
Triangle 28
0.444444444444444419772821674996520000000000000000000000000000000000 0.518518518518518489734958620829270000000000000000000000000000000000 0.481481481481481454753890147912900000000000000000000000000000000000 0.518518518518518489734958620829270000000000000000000000000000000000 0.444444444444444419772821674996520000000000000000000000000000000000 0.555555555555555580227178325003480000000000000000000000000000000000
Triangle 29
0.518518518518518489734958620829270000000000000000000000000000000000 0.629629629629629650189315270836230000000000000000000000000000000000 0.555555555555555580227178325003480000000000000000000000000000000000 0.592592592592592559697095566662030000000000000000000000000000000000 0.555555555555555580227178325003480000000000000000000000000000000000 0.629629629629629650189315270836230000000000000000000000000000000000
Triangle 30
0.481481481481481454753890147912900000000000000000000000000000000000 0.185185185185185174905342364581880000000000000000000000000000000000 0.444444444444444419772821674996520000000000000000000000000000000000 0.222222222222222209886410837498260000000000000000000000000000000000 0.444444444444444419772821674996520000000000000000000000000000000000 0.185185185185185174905342364581880000000000000000000000000000000000
Triangle 31
0.481481481481481454753890147912900000000000000000000000000000000000 0.222222222222222209886410837498260000000000000000000000000000000000 0.444444444444444419772821674996520000000000000000000000000000000000 0.259259259259259244867479310414640000000000000000000000000000000000 0.444444444444444419772821674996520000000000000000000000000000000000 0.222222222222222209886410837498260000000000000000000000000000000000
Triangle 32
0.444444444444444419772821674996520000000000000000000000000000000000 0.444444444444444419772821674996520000000000000000000000000000000000 0.481481481481481454753890147912900000000000000000000000000000000000 0.333333333333333314829616256247390000000000000000000000000000000000 0.518518518518518489734958620829270000000000000000000000000000000000 0.370370370370370349810684729163770000000000000000000000000000000000
Triangle 33
0.518518518518518489734958620829270000000000000000000000000000000000 0.444444444444444419772821674996520000000000000000000000000000000000 0.481481481481481454753890147912900000000000000000000000000000000000 0.481481481481481454753890147912900000000000000000000000000000000000 0.481481481481481454753890147912900000000000000000000000000000000000 0.444444444444444419772821674996520000000000000000000000000000000000
Triangle 34
0.592592592592592559697095566662030000000000000000000000000000000000 0.444444444444444419772821674996520000000000000000000000000000000000 0.629629629629629650189315270836230000000000000000000000000000000000 0.444444444444444419772821674996520000000000000000000000000000000000 0.592592592592592559697095566662030000000000000000000000000000000000 0.481481481481481454753890147912900000000000000000000000000000000000
Triangle 35
0.518518518518518489734958620829270000000000000000000000000000000000 0.481481481481481454753890147912900000000000000000000000000000000000 0.518518518518518489734958620829270000000000000000000000000000000000 0.444444444444444419772821674996520000000000000000000000000000000000 0.555555555555555580227178325003480000000000000000000000000000000000 0.444444444444444419772821674996520000000000000000000000000000000000
Triangle 36
0.518518518518518489734958620829270000000000000000000000000000000000 0.666666666666666629659232512494780000000000000000000000000000000000 0.518518518518518489734958620829270000000000000000000000000000000000 0.629629629629629650189315270836230000000000000000000000000000000000 0.555555555555555580227178325003480000000000000000000000000000000000 0.629629629629629650189315270836230000000000000000000000000000000000
Triangle 37
0.555555555555555580227178325003480000000000000000000000000000000000 0.629629629629629650189315270836230000000000000000000000000000000000 0.592592592592592559697095566662030000000000000000000000000000000000 0.592592592592592559697095566662030000000000000000000000000000000000 0.592592592592592559697095566662030000000000000000000000000000000000 0.629629629629629650189315270836230000000000000000000000000000000000
Triangle 38
0.555555555555555580227178325003480000000000000000000000000000000000 0.703703703703703720151452216668990000000000000000000000000000000000 0.592592592592592559697095566662030000000000000000000000000000000000 0.666666666666666629659232512494780000000000000000000000000000000000 0.592592592592592559697095566662030000000000000000000000000000000000 0.703703703703703720151452216668990000000000000000000000000000000000
Triangle 39
0.629629629629629650189315270836230000000000000000000000000000000000 0.703703703703703720151452216668990000000000000000000000000000000000 0.666666666666666629659232512494780000000000000000000000000000000000 0.703703703703703720151452216668990000000000000000000000000000000000 0.629629629629629650189315270836230000000000000000000000000000000000 0.740740740740740699621369458327540000000000000000000000000000000000
Triangle 40
0.518518518518518489734958620829270000000000000000000000000000000000 0.629629629629629650189315270836230000000000000000000000000000000000 0.518518518518518489734958620829270000000000000000000000000000000000 0.555555555555555580227178325003480000000000000000000000000000000000 0.555555555555555580227178325003480000000000000000000000000000000000 0.592592592592592559697095566662030000000000000000000000000000000000
Triangle 41
0.703703703703703720151452216668990000000000000000000000000000000000 0.444444444444444419772821674996520000000000000000000000000000000000 0.666666666666666629659232512494780000000000000000000000000000000000 0.481481481481481454753890147912900000000000000000000000000000000000 0.666666666666666629659232512494780000000000000000000000000000000000 0.444444444444444419772821674996520000000000000000000000000000000000
Triangle 42
0.666666666666666629659232512494780000000000000000000000000000000000 0.481481481481481454753890147912900000000000000000000000000000000000 0.629629629629629650189315270836230000000000000000000000000000000000 0.518518518518518489734958620829270000000000000000000000000000000000 0.629629629629629650189315270836230000000000000000000000000000000000 0.481481481481481454753890147912900000000000000000000000000000000000
Triangle 43
0.629629629629629650189315270836230000000000000000000000000000000000 0.370370370370370349810684729163770000000000000000000000000000000000 0.592592592592592559697095566662030000000000000000000000000000000000 0.370370370370370349810684729163770000000000000000000000000000000000 0.629629629629629650189315270836230000000000000000000000000000000000 0.333333333333333314829616256247390000000000000000000000000000000000
Triangle 44
0.666666666666666629659232512494780000000000000000000000000000000000 0.555555555555555580227178325003480000000000000000000000000000000000 0.629629629629629650189315270836230000000000000000000000000000000000 0.555555555555555580227178325003480000000000000000000000000000000000 0.666666666666666629659232512494780000000000000000000000000000000000 0.518518518518518489734958620829270000000000000000000000000000000000
Triangle 45
0.629629629629629650189315270836230000000000000000000000000000000000 0.407407407407407384791753202080140000000000000000000000000000000000 0.592592592592592559697095566662030000000000000000000000000000000000 0.407407407407407384791753202080140000000000000000000000000000000000 0.629629629629629650189315270836230000000000000000000000000000000000 0.370370370370370349810684729163770000000000000000000000000000000000
Triangle 46
0.555555555555555580227178325003480000000000000000000000000000000000 0.444444444444444419772821674996520000000000000000000000000000000000 0.592592592592592559697095566662030000000000000000000000000000000000 0.407407407407407384791753202080140000000000000000000000000000000000 0.592592592592592559697095566662030000000000000000000000000000000000 0.444444444444444419772821674996520000000000000000000000000000000000
Triangle 47
0.555555555555555580227178325003480000000000000000000000000000000000 0.407407407407407384791753202080140000000000000000000000000000000000 0.518518518518518489734958620829270000000000000000000000000000000000 0.407407407407407384791753202080140000000000000000000000000000000000 0.555555555555555580227178325003480000000000000000000000000000000000 0.370370370370370349810684729163770000000000000000000000000000000000
Triangle 48
0.518518518518518489734958620829270000000000000000000000000000000000 0.407407407407407384791753202080140000000000000000000000000000000000 0.555555555555555580227178325003480000000000000000000000000000000000 0.407407407407407384791753202080140000000000000000000000000000000000 0.518518518518518489734958620829270000000000000000000000000000000000 0.444444444444444419772821674996520000000000000000000000000000000000
Triangle 49
0.444444444444444419772821674996520000000000000000000000000000000000 0.444444444444444419772821674996520000000000000000000000000000000000 0.518518518518518489734958620829270000000000000000000000000000000000 0.370370370370370349810684729163770000000000000000000000000000000000 0.518518518518518489734958620829270000000000000000000000000000000000 0.407407407407407384791753202080140000000000000000000000000000000000
Triangle 50
0.518518518518518489734958620829270000000000000000000000000000000000 0.259259259259259244867479310414640000000000000000000000000000000000 0.481481481481481454753890147912900000000000000000000000000000000000 0.259259259259259244867479310414640000000000000000000000000000000000 0.518518518518518489734958620829270000000000000000000000000000000000 0.222222222222222209886410837498260000000000000000000000000000000000
Triangle 51
0.555555555555555580227178325003480000000000000000000000000000000000 0.296296296296296279848547783331010000000000000000000000000000000000 0.518518518518518489734958620829270000000000000000000000000000000000 0.296296296296296279848547783331010000000000000000000000000000000000 0.555555555555555580227178325003480000000000000000000000000000000000 0.259259259259259244867479310414640000000000000000000000000000000000
Triangle 52
0.481481481481481454753890147912900000000000000000000000000000000000 0.259259259259259244867479310414640000000000000000000000000000000000 0.444444444444444419772821674996520000000000000000000000000000000000 0.259259259259259244867479310414640000000000000000000000000000000000 0.481481481481481454753890147912900000000000000000000000000000000000 0.222222222222222209886410837498260000000000000000000000000000000000
Triangle 53
0.629629629629629650189315270836230000000000000000000000000000000000 0.444444444444444419772821674996520000000000000000000000000000000000 0.629629629629629650189315270836230000000000000000000000000000000000 0.407407407407407384791753202080140000000000000000000000000000000000 0.666666666666666629659232512494780000000000000000000000000000000000 0.407407407407407384791753202080140000000000000000000000000000000000
Triangle 54
0.296296296296296279848547783331010000000000000000000000000000000000 0.111111111111111104943205418749130000000000000000000000000000000000 0.296296296296296279848547783331010000000000000000000000000000000000 0.074074074074074069962136945832750000000000000000000000000000000000 0.333333333333333314829616256247390000000000000000000000000000000000 0.074074074074074069962136945832750000000000000000000000000000000000
Triangle 55
0.370370370370370349810684729163770000000000000000000000000000000000 0.148148148148148139924273891665510000000000000000000000000000000000 0.333333333333333314829616256247390000000000000000000000000000000000 0.185185185185185174905342364581880000000000000000000000000000000000 0.333333333333333314829616256247390000000000000000000000000000000000 0.148148148148148139924273891665510000000000000000000000000000000000
Triangle 56
0.407407407407407384791753202080140000000000000000000000000000000000 0.148148148148148139924273891665510000000000000000000000000000000000 0.370370370370370349810684729163770000000000000000000000000000000000 0.185185185185185174905342364581880000000000000000000000000000000000 0.370370370370370349810684729163770000000000000000000000000000000000 0.148148148148148139924273891665510000000000000000000000000000000000
Triangle 57
0.444444444444444419772821674996520000000000000000000000000000000000 0.222222222222222209886410837498260000000000000000000000000000000000 0.444444444444444419772821674996520000000000000000000000000000000000 0.259259259259259244867479310414640000000000000000000000000000000000 0.407407407407407384791753202080140000000000000000000000000000000000 0.222222222222222209886410837498260000000000000000000000000000000000
Triangle 58
0.370370370370370349810684729163770000000000000000000000000000000000 0.037037037037037034981068472916380000000000000000000000000000000000 0.333333333333333314829616256247390000000000000000000000000000000000 0.074074074074074069962136945832750000000000000000000000000000000000 0.333333333333333314829616256247390000000000000000000000000000000000 0.037037037037037034981068472916380000000000000000000000000000000000
Triangle 59
0.407407407407407384791753202080140000000000000000000000000000000000 0.074074074074074069962136945832750000000000000000000000000000000000 0.370370370370370349810684729163770000000000000000000000000000000000 0.111111111111111104943205418749130000000000000000000000000000000000 0.370370370370370349810684729163770000000000000000000000000000000000 0.074074074074074069962136945832750000000000000000000000000000000000
Triangle 60
0.407407407407407384791753202080140000000000000000000000000000000000 0.074074074074074069962136945832750000000000000000000000000000000000 0.370370370370370349810684729163770000000000000000000000000000000000 0.074074074074074069962136945832750000000000000000000000000000000000 0.370370370370370349810684729163770000000000000000000000000000000000 0.037037037037037034981068472916380000000000000000000000000000000000
Triangle 61
0.370370370370370349810684729163770000000000000000000000000000000000 0.111111111111111104943205418749130000000000000000000000000000000000 0.333333333333333314829616256247390000000000000000000000000000000000 0.111111111111111104943205418749130000000000000000000000000000000000 0.370370370370370349810684729163770000000000000000000000000000000000 0.074074074074074069962136945832750000000000000000000000000000000000
Triangle 62
0.407407407407407384791753202080140000000000000000000000000000000000 0.148148148148148139924273891665510000000000000000000000000000000000 0.407407407407407384791753202080140000000000000000000000000000000000 0.111111111111111104943205418749130000000000000000000000000000000000 0.444444444444444419772821674996520000000000000000000000000000000000 0.111111111111111104943205418749130000000000000000000000000000000000
Triangle 63
0.370370370370370349810684729163770000000000000000000000000000000000 0.111111111111111104943205418749130000000000000000000000000000000000 0.407407407407407384791753202080140000000000000000000000000000000000 0.074074074074074069962136945832750000000000000000000000000000000000 0.407407407407407384791753202080140000000000000000000000000000000000 0.111111111111111104943205418749130000000000000000000000000000000000
Triangle 64
0.481481481481481454753890147912900000000000000000000000000000000000 0.185185185185185174905342364581880000000000000000000000000000000000 0.481481481481481454753890147912900000000000000000000000000000000000 0.222222222222222209886410837498260000000000000000000000000000000000 0.444444444444444419772821674996520000000000000000000000000000000000 0.222222222222222209886410837498260000000000000000000000000000000000
Triangle 65
0.444444444444444419772821674996520000000000000000000000000000000000 0.111111111111111104943205418749130000000000000000000000000000000000 0.444444444444444419772821674996520000000000000000000000000000000000 0.148148148148148139924273891665510000000000000000000000000000000000 0.407407407407407384791753202080140000000000000000000000000000000000 0.148148148148148139924273891665510000000000000000000000000000000000
Triangle 66
0.481481481481481454753890147912900000000000000000000000000000000000 0.185185185185185174905342364581880000000000000000000000000000000000 0.555555555555555580227178325003480000000000000000000000000000000000 0.222222222222222209886410837498260000000000000000000000000000000000 0.518518518518518489734958620829270000000000000000000000000000000000 0.222222222222222209886410837498260000000000000000000000000000000000
Triangle 67
0.407407407407407384791753202080140000000000000000000000000000000000 0.111111111111111104943205418749130000000000000000000000000000000000 0.407407407407407384791753202080140000000000000000000000000000000000 0.148148148148148139924273891665510000000000000000000000000000000000 0.370370370370370349810684729163770000000000000000000000000000000000 0.148148148148148139924273891665510000000000000000000000000000000000
Triangle 68
0.444444444444444419772821674996520000000000000000000000000000000000 0.148148148148148139924273891665510000000000000000000000000000000000 0.444444444444444419772821674996520000000000000000000000000000000000 0.185185185185185174905342364581880000000000000000000000000000000000 0.407407407407407384791753202080140000000000000000000000000000000000 0.185185185185185174905342364581880000000000000000000000000000000000
Triangle 69
0.444444444444444419772821674996520000000000000000000000000000000000 0.148148148148148139924273891665510000000000000000000000000000000000 0.481481481481481454753890147912900000000000000000000000000000000000 0.185185185185185174905342364581880000000000000000000000000000000000 0.444444444444444419772821674996520000000000000000000000000000000000 0.185185185185185174905342364581880000000000000000000000000000000000
Triangle 70
0.555555555555555580227178325003480000000000000000000000000000000000 0.370370370370370349810684729163770000000000000000000000000000000000 0.555555555555555580227178325003480000000000000000000000000000000000 0.333333333333333314829616256247390000000000000000000000000000000000 0.592592592592592559697095566662030000000000000000000000000000000000 0.333333333333333314829616256247390000000000000000000000000000000000
Triangle 71
0.481481481481481454753890147912900000000000000000000000000000000000 0.185185185185185174905342364581880000000000000000000000000000000000 0.518518518518518489734958620829270000000000000000000000000000000000 0.222222222222222209886410837498260000000000000000000000000000000000 0.481481481481481454753890147912900000000000000000000000000000000000 0.222222222222222209886410837498260000000000000000000000000000000000
Triangle 72
0.555555555555555580227178325003480000000000000000000000000000000000 0.222222222222222209886410837498260000000000000000000000000000000000 0.555555555555555580227178325003480000000000000000000000000000000000 0.259259259259259244867479310414640000000000000000000000000000000000 0.518518518518518489734958620829270000000000000000000000000000000000 0.259259259259259244867479310414640000000000000000000000000000000000
Triangle 73
0.481481481481481454753890147912900000000000000000000000000000000000 0.222222222222222209886410837498260000000000000000000000000000000000 0.518518518518518489734958620829270000000000000000000000000000000000 0.222222222222222209886410837498260000000000000000000000000000000000 0.481481481481481454753890147912900000000000000000000000000000000000 0.259259259259259244867479310414640000000000000000000000000000000000
Triangle 74
0.518518518518518489734958620829270000000000000000000000000000000000 0.222222222222222209886410837498260000000000000000000000000000000000 0.555555555555555580227178325003480000000000000000000000000000000000 0.222222222222222209886410837498260000000000000000000000000000000000 0.518518518518518489734958620829270000000000000000000000000000000000 0.259259259259259244867479310414640000000000000000000000000000000000
Triangle 75
0.481481481481481454753890147912900000000000000000000000000000000000 0.333333333333333314829616256247390000000000000000000000000000000000 0.518518518518518489734958620829270000000000000000000000000000000000 0.296296296296296279848547783331010000000000000000000000000000000000 0.518518518518518489734958620829270000000000000000000000000000000000 0.333333333333333314829616256247390000000000000000000000000000000000
Triangle 76
0.518518518518518489734958620829270000000000000000000000000000000000 0.259259259259259244867479310414640000000000000000000000000000000000 0.555555555555555580227178325003480000000000000000000000000000000000 0.259259259259259244867479310414640000000000000000000000000000000000 0.518518518518518489734958620829270000000000000000000000000000000000 0.296296296296296279848547783331010000000000000000000000000000000000
Triangle 77
0.555555555555555580227178325003480000000000000000000000000000000000 0.296296296296296279848547783331010000000000000000000000000000000000 0.518518518518518489734958620829270000000000000000000000000000000000 0.333333333333333314829616256247390000000000000000000000000000000000 0.518518518518518489734958620829270000000000000000000000000000000000 0.296296296296296279848547783331010000000000000000000000000000000000
Triangle 78
0.518518518518518489734958620829270000000000000000000000000000000000 0.370370370370370349810684729163770000000000000000000000000000000000 0.481481481481481454753890147912900000000000000000000000000000000000 0.333333333333333314829616256247390000000000000000000000000000000000 0.518518518518518489734958620829270000000000000000000000000000000000 0.333333333333333314829616256247390000000000000000000000000000000000
Triangle 79
0.518518518518518489734958620829270000000000000000000000000000000000 0.296296296296296279848547783331010000000000000000000000000000000000 0.481481481481481454753890147912900000000000000000000000000000000000 0.296296296296296279848547783331010000000000000000000000000000000000 0.518518518518518489734958620829270000000000000000000000000000000000 0.259259259259259244867479310414640000000000000000000000000000000000
Triangle 80
0.481481481481481454753890147912900000000000000000000000000000000000 0.296296296296296279848547783331010000000000000000000000000000000000 0.481481481481481454753890147912900000000000000000000000000000000000 0.333333333333333314829616256247390000000000000000000000000000000000 0.444444444444444419772821674996520000000000000000000000000000000000 0.296296296296296279848547783331010000000000000000000000000000000000
Triangle 81
0.444444444444444419772821674996520000000000000000000000000000000000 0.444444444444444419772821674996520000000000000000000000000000000000 0.444444444444444419772821674996520000000000000000000000000000000000 0.296296296296296279848547783331010000000000000000000000000000000000 0.481481481481481454753890147912900000000000000000000000000000000000 0.333333333333333314829616256247390000000000000000000000000000000000
Triangle 82
0.444444444444444419772821674996520000000000000000000000000000000000 0.296296296296296279848547783331010000000000000000000000000000000000 0.481481481481481454753890147912900000000000000000000000000000000000 0.259259259259259244867479310414640000000000000000000000000000000000 0.481481481481481454753890147912900000000000000000000000000000000000 0.296296296296296279848547783331010000000000000000000000000000000000
Triangle 83
0.518518518518518489734958620829270000000000000000000000000000000000 0.259259259259259244867479310414640000000000000000000000000000000000 0.481481481481481454753890147912900000000000000000000000000000000000 0.296296296296296279848547783331010000000000000000000000000000000000 0.481481481481481454753890147912900000000000000000000000000000000000 0.259259259259259244867479310414640000000000000000000000000000000000
Triangle 84
0.518518518518518489734958620829270000000000000000000000000000000000 0.296296296296296279848547783331010000000000000000000000000000000000 0.481481481481481454753890147912900000000000000000000000000000000000 0.333333333333333314829616256247390000000000000000000000000000000000 0.481481481481481454753890147912900000000000000000000000000000000000 0.296296296296296279848547783331010000000000000000000000000000000000
Triangle 85
0.444444444444444419772821674996520000000000000000000000000000000000 0.111111111111111104943205418749130000000000000000000000000000000000 0.481481481481481454753890147912900000000000000000000000000000000000 0.185185185185185174905342364581880000000000000000000000000000000000 0.444444444444444419772821674996520000000000000000000000000000000000 0.148148148148148139924273891665510000000000000000000000000000000000
Triangle 86
0.444444444444444419772821674996520000000000000000000000000000000000 0.111111111111111104943205418749130000000000000000000000000000000000 0.555555555555555580227178325003480000000000000000000000000000000000 0.222222222222222209886410837498260000000000000000000000000000000000 0.481481481481481454753890147912900000000000000000000000000000000000 0.185185185185185174905342364581880000000000000000000000000000000000
Triangle 87
0.444444444444444419772821674996520000000000000000000000000000000000 0.222222222222222209886410837498260000000000000000000000000000000000 0.407407407407407384791753202080140000000000000000000000000000000000 0.222222222222222209886410837498260000000000000000000000000000000000 0.444444444444444419772821674996520000000000000000000000000000000000 0.185185185185185174905342364581880000000000000000000000000000000000
Triangle 88
0.444444444444444419772821674996520000000000000000000000000000000000 0.185185185185185174905342364581880000000000000000000000000000000000 0.407407407407407384791753202080140000000000000000000000000000000000 0.222222222222222209886410837498260000000000000000000000000000000000 0.407407407407407384791753202080140000000000000000000000000000000000 0.185185185185185174905342364581880000000000000000000000000000000000
Triangle 89
0.370370370370370349810684729163770000000000000000000000000000000000 0.185185185185185174905342364581880000000000000000000000000000000000 0.407407407407407384791753202080140000000000000000000000000000000000 0.222222222222222209886410837498260000000000000000000000000000000000 0.333333333333333314829616256247390000000000000000000000000000000000 0.185185185185185174905342364581880000000000000000000000000000000000
Triangle 90
0.370370370370370349810684729163770000000000000000000000000000000000 0.185185185185185174905342364581880000000000000000000000000000000000 0.407407407407407384791753202080140000000000000000000000000000000000 0.185185185185185174905342364581880000000000000000000000000000000000 0.407407407407407384791753202080140000000000000000000000000000000000 0.222222222222222209886410837498260000000000000000000000000000000000
Triangle 91
0.407407407407407384791753202080140000000000000000000000000000000000 0.481481481481481454753890147912900000000000000000000000000000000000 0.444444444444444419772821674996520000000000000000000000000000000000 0.296296296296296279848547783331010000000000000000000000000000000000 0.444444444444444419772821674996520000000000000000000000000000000000 0.444444444444444419772821674996520000000000000000000000000000000000
Triangle 92
0.407407407407407384791753202080140000000000000000000000000000000000 0.222222222222222209886410837498260000000000000000000000000000000000 0.444444444444444419772821674996520000000000000000000000000000000000 0.259259259259259244867479310414640000000000000000000000000000000000 0.444444444444444419772821674996520000000000000000000000000000000000 0.296296296296296279848547783331010000000000000000000000000000000000
Triangle 93
0.481481481481481454753890147912900000000000000000000000000000000000 0.481481481481481454753890147912900000000000000000000000000000000000 0.444444444444444419772821674996520000000000000000000000000000000000 0.481481481481481454753890147912900000000000000000000000000000000000 0.481481481481481454753890147912900000000000000000000000000000000000 0.444444444444444419772821674996520000000000000000000000000000000000
Triangle 94
0.444444444444444419772821674996520000000000000000000000000000000000 0.481481481481481454753890147912900000000000000000000000000000000000 0.444444444444444419772821674996520000000000000000000000000000000000 0.518518518518518489734958620829270000000000000000000000000000000000 0.407407407407407384791753202080140000000000000000000000000000000000 0.518518518518518489734958620829270000000000000000000000000000000000
Triangle 95
0.444444444444444419772821674996520000000000000000000000000000000000 0.481481481481481454753890147912900000000000000000000000000000000000 0.481481481481481454753890147912900000000000000000000000000000000000 0.481481481481481454753890147912900000000000000000000000000000000000 0.444444444444444419772821674996520000000000000000000000000000000000 0.518518518518518489734958620829270000000000000000000000000000000000
Triangle 96
0.555555555555555580227178325003480000000000000000000000000000000000 0.444444444444444419772821674996520000000000000000000000000000000000 0.555555555555555580227178325003480000000000000000000000000000000000 0.407407407407407384791753202080140000000000000000000000000000000000 0.592592592592592559697095566662030000000000000000000000000000000000 0.407407407407407384791753202080140000000000000000000000000000000000
Triangle 97
0.444444444444444419772821674996520000000000000000000000000000000000 0.555555555555555580227178325003480000000000000000000000000000000000 0.407407407407407384791753202080140000000000000000000000000000000000 0.555555555555555580227178325003480000000000000000000000000000000000 0.444444444444444419772821674996520000000000000000000000000000000000 0.518518518518518489734958620829270000000000000000000000000000000000
Triangle 98
0.444444444444444419772821674996520000000000000000000000000000000000 0.444444444444444419772821674996520000000000000000000000000000000000 0.481481481481481454753890147912900000000000000000000000000000000000 0.444444444444444419772821674996520000000000000000000000000000000000 0.444444444444444419772821674996520000000000000000000000000000000000 0.481481481481481454753890147912900000000000000000000000000000000000
Triangle 99
0.444444444444444419772821674996520000000000000000000000000000000000 0.296296296296296279848547783331010000000000000000000000000000000000 0.407407407407407384791753202080140000000000000000000000000000000000 0.481481481481481454753890147912900000000000000000000000000000000000 0.333333333333333314829616256247390000000000000000000000000000000000 0.185185185185185174905342364581880000000000000000000000000000000000
Triangle 100
0.444444444444444419772821674996520000000000000000000000000000000000 0.444444444444444419772821674996520000000000000000000000000000000000 0.444444444444444419772821674996520000000000000000000000000000000000 0.481481481481481454753890147912900000000000000000000000000000000000 0.407407407407407384791753202080140000000000000000000000000000000000 0.481481481481481454753890147912900000000000000000000000000000000000
Triangle 101
0.407407407407407384791753202080140000000000000000000000000000000000 0.481481481481481454753890147912900000000000000000000000000000000000 0.444444444444444419772821674996520000000000000000000000000000000000 0.481481481481481454753890147912900000000000000000000000000000000000 0.407407407407407384791753202080140000000000000000000000000000000000 0.518518518518518489734958620829270000000000000000000000000000000000
Triangle 102
0.407407407407407384791753202080140000000000000000000000000000000000 0.518518518518518489734958620829270000000000000000000000000000000000 0.444444444444444419772821674996520000000000000000000000000000000000 0.518518518518518489734958620829270000000000000000000000000000000000 0.407407407407407384791753202080140000000000000000000000000000000000 0.555555555555555580227178325003480000000000000000000000000000000000
Triangle 103
0.481481481481481454753890147912900000000000000000000000000000000000 0.555555555555555580227178325003480000000000000000000000000000000000 0.444444444444444419772821674996520000000000000000000000000000000000 0.592592592592592559697095566662030000000000000000000000000000000000 0.444444444444444419772821674996520000000000000000000000000000000000 0.555555555555555580227178325003480000000000000000000000000000000000
Triangle 104
0.444444444444444419772821674996520000000000000000000000000000000000 0.629629629629629650189315270836230000000000000000000000000000000000 0.407407407407407384791753202080140000000000000000000000000000000000 0.592592592592592559697095566662030000000000000000000000000000000000 0.444444444444444419772821674996520000000000000000000000000000000000 0.592592592592592559697095566662030000000000000000000000000000000000
Triangle 105
0.481481481481481454753890147912900000000000000000000000000000000000 0.629629629629629650189315270836230000000000000000000000000000000000 0.444444444444444419772821674996520000000000000000000000000000000000 0.666666666666666629659232512494780000000000000000000000000000000000 0.444444444444444419772821674996520000000000000000000000000000000000 0.629629629629629650189315270836230000000000000000000000000000000000
Triangle 106
0.481481481481481454753890147912900000000000000000000000000000000000 0.666666666666666629659232512494780000000000000000000000000000000000 0.481481481481481454753890147912900000000000000000000000000000000000 0.703703703703703720151452216668990000000000000000000000000000000000 0.444444444444444419772821674996520000000000000000000000000000000000 0.666666666666666629659232512494780000000000000000000000000000000000
Triangle 107
0.481481481481481454753890147912900000000000000000000000000000000000 0.592592592592592559697095566662030000000000000000000000000000000000 0.481481481481481454753890147912900000000000000000000000000000000000 0.629629629629629650189315270836230000000000000000000000000000000000 0.444444444444444419772821674996520000000000000000000000000000000000 0.629629629629629650189315270836230000000000000000000000000000000000
Triangle 108
0.481481481481481454753890147912900000000000000000000000000000000000 0.703703703703703720151452216668990000000000000000000000000000000000 0.481481481481481454753890147912900000000000000000000000000000000000 0.740740740740740699621369458327540000000000000000000000000000000000 0.444444444444444419772821674996520000000000000000000000000000000000 0.666666666666666629659232512494780000000000000000000000000000000000
Triangle 109
0.444444444444444419772821674996520000000000000000000000000000000000 0.592592592592592559697095566662030000000000000000000000000000000000 0.481481481481481454753890147912900000000000000000000000000000000000 0.555555555555555580227178325003480000000000000000000000000000000000 0.481481481481481454753890147912900000000000000000000000000000000000 0.592592592592592559697095566662030000000000000000000000000000000000
Triangle 110
0.481481481481481454753890147912900000000000000000000000000000000000 0.518518518518518489734958620829270000000000000000000000000000000000 0.481481481481481454753890147912900000000000000000000000000000000000 0.481481481481481454753890147912900000000000000000000000000000000000 0.518518518518518489734958620829270000000000000000000000000000000000 0.481481481481481454753890147912900000000000000000000000000000000000
Triangle 111
0.444444444444444419772821674996520000000000000000000000000000000000 0.666666666666666629659232512494780000000000000000000000000000000000 0.481481481481481454753890147912900000000000000000000000000000000000 0.629629629629629650189315270836230000000000000000000000000000000000 0.481481481481481454753890147912900000000000000000000000000000000000 0.666666666666666629659232512494780000000000000000000000000000000000
Triangle 112
0.481481481481481454753890147912900000000000000000000000000000000000 0.592592592592592559697095566662030000000000000000000000000000000000 0.518518518518518489734958620829270000000000000000000000000000000000 0.555555555555555580227178325003480000000000000000000000000000000000 0.518518518518518489734958620829270000000000000000000000000000000000 0.629629629629629650189315270836230000000000000000000000000000000000
Triangle 113
0.518518518518518489734958620829270000000000000000000000000000000000 0.666666666666666629659232512494780000000000000000000000000000000000 0.518518518518518489734958620829270000000000000000000000000000000000 0.703703703703703720151452216668990000000000000000000000000000000000 0.481481481481481454753890147912900000000000000000000000000000000000 0.703703703703703720151452216668990000000000000000000000000000000000
Triangle 114
0.555555555555555580227178325003480000000000000000000000000000000000 0.703703703703703720151452216668990000000000000000000000000000000000 0.592592592592592559697095566662030000000000000000000000000000000000 0.703703703703703720151452216668990000000000000000000000000000000000 0.555555555555555580227178325003480000000000000000000000000000000000 0.740740740740740699621369458327540000000000000000000000000000000000
Triangle 115
0.481481481481481454753890147912900000000000000000000000000000000000 0.703703703703703720151452216668990000000000000000000000000000000000 0.518518518518518489734958620829270000000000000000000000000000000000 0.703703703703703720151452216668990000000000000000000000000000000000 0.481481481481481454753890147912900000000000000000000000000000000000 0.740740740740740699621369458327540000000000000000000000000000000000
Triangle 116
0.481481481481481454753890147912900000000000000000000000000000000000 0.703703703703703720151452216668990000000000000000000000000000000000 0.481481481481481454753890147912900000000000000000000000000000000000 0.666666666666666629659232512494780000000000000000000000000000000000 0.518518518518518489734958620829270000000000000000000000000000000000 0.666666666666666629659232512494780000000000000000000000000000000000
Triangle 117
0.555555555555555580227178325003480000000000000000000000000000000000 0.740740740740740699621369458327540000000000000000000000000000000000 0.518518518518518489734958620829270000000000000000000000000000000000 0.740740740740740699621369458327540000000000000000000000000000000000 0.555555555555555580227178325003480000000000000000000000000000000000 0.703703703703703720151452216668990000000000000000000000000000000000
Triangle 118
0.481481481481481454753890147912900000000000000000000000000000000000 0.629629629629629650189315270836230000000000000000000000000000000000 0.518518518518518489734958620829270000000000000000000000000000000000 0.629629629629629650189315270836230000000000000000000000000000000000 0.481481481481481454753890147912900000000000000000000000000000000000 0.666666666666666629659232512494780000000000000000000000000000000000
Triangle 119
0.555555555555555580227178325003480000000000000000000000000000000000 0.666666666666666629659232512494780000000000000000000000000000000000 0.518518518518518489734958620829270000000000000000000000000000000000 0.703703703703703720151452216668990000000000000000000000000000000000 0.518518518518518489734958620829270000000000000000000000000000000000 0.666666666666666629659232512494780000000000000000000000000000000000
Triangle 120
0.481481481481481454753890147912900000000000000000000000000000000000 0.666666666666666629659232512494780000000000000000000000000000000000 0.518518518518518489734958620829270000000000000000000000000000000000 0.629629629629629650189315270836230000000000000000000000000000000000 0.518518518518518489734958620829270000000000000000000000000000000000 0.666666666666666629659232512494780000000000000000000000000000000000
Triangle 121
0.481481481481481454753890147912900000000000000000000000000000000000 0.629629629629629650189315270836230000000000000000000000000000000000 0.481481481481481454753890147912900000000000000000000000000000000000 0.592592592592592559697095566662030000000000000000000000000000000000 0.518518518518518489734958620829270000000000000000000000000000000000 0.629629629629629650189315270836230000000000000000000000000000000000
Triangle 122
0.481481481481481454753890147912900000000000000000000000000000000000 0.555555555555555580227178325003480000000000000000000000000000000000 0.518518518518518489734958620829270000000000000000000000000000000000 0.555555555555555580227178325003480000000000000000000000000000000000 0.481481481481481454753890147912900000000000000000000000000000000000 0.592592592592592559697095566662030000000000000000000000000000000000
Triangle 123
0.481481481481481454753890147912900000000000000000000000000000000000 0.555555555555555580227178325003480000000000000000000000000000000000 0.444444444444444419772821674996520000000000000000000000000000000000 0.555555555555555580227178325003480000000000000000000000000000000000 0.481481481481481454753890147912900000000000000000000000000000000000 0.518518518518518489734958620829270000000000000000000000000000000000
Triangle 124
0.592592592592592559697095566662030000000000000000000000000000000000 0.481481481481481454753890147912900000000000000000000000000000000000 0.555555555555555580227178325003480000000000000000000000000000000000 0.518518518518518489734958620829270000000000000000000000000000000000 0.555555555555555580227178325003480000000000000000000000000000000000 0.481481481481481454753890147912900000000000000000000000000000000000
Triangle 125
0.518518518518518489734958620829270000000000000000000000000000000000 0.555555555555555580227178325003480000000000000000000000000000000000 0.481481481481481454753890147912900000000000000000000000000000000000 0.555555555555555580227178325003480000000000000000000000000000000000 0.518518518518518489734958620829270000000000000000000000000000000000 0.518518518518518489734958620829270000000000000000000000000000000000
Triangle 126
0.481481481481481454753890147912900000000000000000000000000000000000 0.555555555555555580227178325003480000000000000000000000000000000000 0.481481481481481454753890147912900000000000000000000000000000000000 0.518518518518518489734958620829270000000000000000000000000000000000 0.518518518518518489734958620829270000000000000000000000000000000000 0.518518518518518489734958620829270000000000000000000000000000000000
Triangle 127
0.444444444444444419772821674996520000000000000000000000000000000000 0.518518518518518489734958620829270000000000000000000000000000000000 0.481481481481481454753890147912900000000000000000000000000000000000 0.481481481481481454753890147912900000000000000000000000000000000000 0.481481481481481454753890147912900000000000000000000000000000000000 0.518518518518518489734958620829270000000000000000000000000000000000
Triangle 128
0.518518518518518489734958620829270000000000000000000000000000000000 0.518518518518518489734958620829270000000000000000000000000000000000 0.518518518518518489734958620829270000000000000000000000000000000000 0.481481481481481454753890147912900000000000000000000000000000000000 0.555555555555555580227178325003480000000000000000000000000000000000 0.481481481481481454753890147912900000000000000000000000000000000000
Triangle 129
0.518518518518518489734958620829270000000000000000000000000000000000 0.518518518518518489734958620829270000000000000000000000000000000000 0.481481481481481454753890147912900000000000000000000000000000000000 0.518518518518518489734958620829270000000000000000000000000000000000 0.518518518518518489734958620829270000000000000000000000000000000000 0.481481481481481454753890147912900000000000000000000000000000000000
Triangle 130
0.481481481481481454753890147912900000000000000000000000000000000000 0.481481481481481454753890147912900000000000000000000000000000000000 0.518518518518518489734958620829270000000000000000000000000000000000 0.444444444444444419772821674996520000000000000000000000000000000000 0.518518518518518489734958620829270000000000000000000000000000000000 0.481481481481481454753890147912900000000000000000000000000000000000
Triangle 131
0.481481481481481454753890147912900000000000000000000000000000000000 0.444444444444444419772821674996520000000000000000000000000000000000 0.444444444444444419772821674996520000000000000000000000000000000000 0.444444444444444419772821674996520000000000000000000000000000000000 0.518518518518518489734958620829270000000000000000000000000000000000 0.407407407407407384791753202080140000000000000000000000000000000000
Triangle 132
0.481481481481481454753890147912900000000000000000000000000000000000 0.444444444444444419772821674996520000000000000000000000000000000000 0.518518518518518489734958620829270000000000000000000000000000000000 0.407407407407407384791753202080140000000000000000000000000000000000 0.518518518518518489734958620829270000000000000000000000000000000000 0.444444444444444419772821674996520000000000000000000000000000000000
Triangle 133
0.518518518518518489734958620829270000000000000000000000000000000000 0.370370370370370349810684729163770000000000000000000000000000000000 0.555555555555555580227178325003480000000000000000000000000000000000 0.370370370370370349810684729163770000000000000000000000000000000000 0.518518518518518489734958620829270000000000000000000000000000000000 0.407407407407407384791753202080140000000000000000000000000000000000
Triangle 134
0.592592592592592559697095566662030000000000000000000000000000000000 0.518518518518518489734958620829270000000000000000000000000000000000 0.592592592592592559697095566662030000000000000000000000000000000000 0.555555555555555580227178325003480000000000000000000000000000000000 0.555555555555555580227178325003480000000000000000000000000000000000 0.555555555555555580227178325003480000000000000000000000000000000000
Triangle 135
0.629629629629629650189315270836230000000000000000000000000000000000 0.555555555555555580227178325003480000000000000000000000000000000000 0.592592592592592559697095566662030000000000000000000000000000000000 0.592592592592592559697095566662030000000000000000000000000000000000 0.592592592592592559697095566662030000000000000000000000000000000000 0.555555555555555580227178325003480000000000000000000000000000000000
Triangle 136
0.592592592592592559697095566662030000000000000000000000000000000000 0.592592592592592559697095566662030000000000000000000000000000000000 0.555555555555555580227178325003480000000000000000000000000000000000 0.592592592592592559697095566662030000000000000000000000000000000000 0.592592592592592559697095566662030000000000000000000000000000000000 0.555555555555555580227178325003480000000000000000000000000000000000
Triangle 137
0.629629629629629650189315270836230000000000000000000000000000000000 0.592592592592592559697095566662030000000000000000000000000000000000 0.592592592592592559697095566662030000000000000000000000000000000000 0.592592592592592559697095566662030000000000000000000000000000000000 0.629629629629629650189315270836230000000000000000000000000000000000 0.555555555555555580227178325003480000000000000000000000000000000000
Triangle 138
0.666666666666666629659232512494780000000000000000000000000000000000 0.629629629629629650189315270836230000000000000000000000000000000000 0.666666666666666629659232512494780000000000000000000000000000000000 0.666666666666666629659232512494780000000000000000000000000000000000 0.629629629629629650189315270836230000000000000000000000000000000000 0.666666666666666629659232512494780000000000000000000000000000000000
Triangle 139
0.592592592592592559697095566662030000000000000000000000000000000000 0.629629629629629650189315270836230000000000000000000000000000000000 0.592592592592592559697095566662030000000000000000000000000000000000 0.592592592592592559697095566662030000000000000000000000000000000000 0.629629629629629650189315270836230000000000000000000000000000000000 0.592592592592592559697095566662030000000000000000000000000000000000
Triangle 140
0.592592592592592559697095566662030000000000000000000000000000000000 0.629629629629629650189315270836230000000000000000000000000000000000 0.555555555555555580227178325003480000000000000000000000000000000000 0.666666666666666629659232512494780000000000000000000000000000000000 0.555555555555555580227178325003480000000000000000000000000000000000 0.629629629629629650189315270836230000000000000000000000000000000000
Triangle 141
0.518518518518518489734958620829270000000000000000000000000000000000 0.666666666666666629659232512494780000000000000000000000000000000000 0.555555555555555580227178325003480000000000000000000000000000000000 0.629629629629629650189315270836230000000000000000000000000000000000 0.555555555555555580227178325003480000000000000000000000000000000000 0.666666666666666629659232512494780000000000000000000000000000000000
Triangle 142
0.555555555555555580227178325003480000000000000000000000000000000000 0.592592592592592559697095566662030000000000000000000000000000000000 0.592592592592592559697095566662030000000000000000000000000000000000 0.592592592592592559697095566662030000000000000000000000000000000000 0.555555555555555580227178325003480000000000000000000000000000000000 0.629629629629629650189315270836230000000000000000000000000000000000
Triangle 143
0.555555555555555580227178325003480000000000000000000000000000000000 0.666666666666666629659232512494780000000000000000000000000000000000 0.555555555555555580227178325003480000000000000000000000000000000000 0.703703703703703720151452216668990000000000000000000000000000000000 0.518518518518518489734958620829270000000000000000000000000000000000 0.703703703703703720151452216668990000000000000000000000000000000000
Triangle 144
0.555555555555555580227178325003480000000000000000000000000000000000 0.666666666666666629659232512494780000000000000000000000000000000000 0.592592592592592559697095566662030000000000000000000000000000000000 0.666666666666666629659232512494780000000000000000000000000000000000 0.555555555555555580227178325003480000000000000000000000000000000000 0.703703703703703720151452216668990000000000000000000000000000000000
Triangle 145
0.592592592592592559697095566662030000000000000000000000000000000000 0.740740740740740699621369458327540000000000000000000000000000000000 0.555555555555555580227178325003480000000000000000000000000000000000 0.740740740740740699621369458327540000000000000000000000000000000000 0.592592592592592559697095566662030000000000000000000000000000000000 0.703703703703703720151452216668990000000000000000000000000000000000
Triangle 146
0.592592592592592559697095566662030000000000000000000000000000000000 0.666666666666666629659232512494780000000000000000000000000000000000 0.629629629629629650189315270836230000000000000000000000000000000000 0.666666666666666629659232512494780000000000000000000000000000000000 0.592592592592592559697095566662030000000000000000000000000000000000 0.703703703703703720151452216668990000000000000000000000000000000000
Triangle 147
0.592592592592592559697095566662030000000000000000000000000000000000 0.703703703703703720151452216668990000000000000000000000000000000000 0.629629629629629650189315270836230000000000000000000000000000000000 0.703703703703703720151452216668990000000000000000000000000000000000 0.592592592592592559697095566662030000000000000000000000000000000000 0.740740740740740699621369458327540000000000000000000000000000000000
Triangle 148
0.666666666666666629659232512494780000000000000000000000000000000000 0.555555555555555580227178325003480000000000000000000000000000000000 0.629629629629629650189315270836230000000000000000000000000000000000 0.592592592592592559697095566662030000000000000000000000000000000000 0.629629629629629650189315270836230000000000000000000000000000000000 0.555555555555555580227178325003480000000000000000000000000000000000
Triangle 149
0.592592592592592559697095566662030000000000000000000000000000000000 0.703703703703703720151452216668990000000000000000000000000000000000 0.629629629629629650189315270836230000000000000000000000000000000000 0.666666666666666629659232512494780000000000000000000000000000000000 0.629629629629629650189315270836230000000000000000000000000000000000 0.703703703703703720151452216668990000000000000000000000000000000000
Triangle 150
0.592592592592592559697095566662030000000000000000000000000000000000 0.666666666666666629659232512494780000000000000000000000000000000000 0.592592592592592559697095566662030000000000000000000000000000000000 0.629629629629629650189315270836230000000000000000000000000000000000 0.629629629629629650189315270836230000000000000000000000000000000000 0.629629629629629650189315270836230000000000000000000000000000000000
Triangle 151
0.629629629629629650189315270836230000000000000000000000000000000000 0.629629629629629650189315270836230000000000000000000000000000000000 0.592592592592592559697095566662030000000000000000000000000000000000 0.629629629629629650189315270836230000000000000000000000000000000000 0.629629629629629650189315270836230000000000000000000000000000000000 0.592592592592592559697095566662030000000000000000000000000000000000
Triangle 152
0.592592592592592559697095566662030000000000000000000000000000000000 0.666666666666666629659232512494780000000000000000000000000000000000 0.555555555555555580227178325003480000000000000000000000000000000000 0.666666666666666629659232512494780000000000000000000000000000000000 0.592592592592592559697095566662030000000000000000000000000000000000 0.629629629629629650189315270836230000000000000000000000000000000000
Triangle 153
0.629629629629629650189315270836230000000000000000000000000000000000 0.666666666666666629659232512494780000000000000000000000000000000000 0.666666666666666629659232512494780000000000000000000000000000000000 0.666666666666666629659232512494780000000000000000000000000000000000 0.629629629629629650189315270836230000000000000000000000000000000000 0.703703703703703720151452216668990000000000000000000000000000000000
Triangle 154
0.629629629629629650189315270836230000000000000000000000000000000000 0.703703703703703720151452216668990000000000000000000000000000000000 0.629629629629629650189315270836230000000000000000000000000000000000 0.740740740740740699621369458327540000000000000000000000000000000000 0.592592592592592559697095566662030000000000000000000000000000000000 0.740740740740740699621369458327540000000000000000000000000000000000
Triangle 155
0.666666666666666629659232512494780000000000000000000000000000000000 0.703703703703703720151452216668990000000000000000000000000000000000 0.666666666666666629659232512494780000000000000000000000000000000000 0.740740740740740699621369458327540000000000000000000000000000000000 0.629629629629629650189315270836230000000000000000000000000000000000 0.740740740740740699621369458327540000000000000000000000000000000000
Triangle 156
0.666666666666666629659232512494780000000000000000000000000000000000 0.703703703703703720151452216668990000000000000000000000000000000000 0.703703703703703720151452216668990000000000000000000000000000000000 0.703703703703703720151452216668990000000000000000000000000000000000 0.666666666666666629659232512494780000000000000000000000000000000000 0.740740740740740699621369458327540000000000000000000000000000000000
Triangle 157
0.666666666666666629659232512494780000000000000000000000000000000000 0.703703703703703720151452216668990000000000000000000000000000000000 0.629629629629629650189315270836230000000000000000000000000000000000 0.703703703703703720151452216668990000000000000000000000000000000000 0.666666666666666629659232512494780000000000000000000000000000000000 0.666666666666666629659232512494780000000000000000000000000000000000
Triangle 158
0.666666666666666629659232512494780000000000000000000000000000000000 0.703703703703703720151452216668990000000000000000000000000000000000 0.666666666666666629659232512494780000000000000000000000000000000000 0.666666666666666629659232512494780000000000000000000000000000000000 0.703703703703703720151452216668990000000000000000000000000000000000 0.666666666666666629659232512494780000000000000000000000000000000000
Triangle 159
0.629629629629629650189315270836230000000000000000000000000000000000 0.629629629629629650189315270836230000000000000000000000000000000000 0.629629629629629650189315270836230000000000000000000000000000000000 0.592592592592592559697095566662030000000000000000000000000000000000 0.666666666666666629659232512494780000000000000000000000000000000000 0.592592592592592559697095566662030000000000000000000000000000000000
Triangle 160
0.666666666666666629659232512494780000000000000000000000000000000000 0.703703703703703720151452216668990000000000000000000000000000000000 0.703703703703703720151452216668990000000000000000000000000000000000 0.666666666666666629659232512494780000000000000000000000000000000000 0.703703703703703720151452216668990000000000000000000000000000000000 0.703703703703703720151452216668990000000000000000000000000000000000
Triangle 161
0.666666666666666629659232512494780000000000000000000000000000000000 0.666666666666666629659232512494780000000000000000000000000000000000 0.703703703703703720151452216668990000000000000000000000000000000000 0.629629629629629650189315270836230000000000000000000000000000000000 0.703703703703703720151452216668990000000000000000000000000000000000 0.666666666666666629659232512494780000000000000000000000000000000000
Triangle 162
0.666666666666666629659232512494780000000000000000000000000000000000 0.592592592592592559697095566662030000000000000000000000000000000000 0.666666666666666629659232512494780000000000000000000000000000000000 0.629629629629629650189315270836230000000000000000000000000000000000 0.629629629629629650189315270836230000000000000000000000000000000000 0.629629629629629650189315270836230000000000000000000000000000000000
Triangle 163
0.703703703703703720151452216668990000000000000000000000000000000000 0.629629629629629650189315270836230000000000000000000000000000000000 0.666666666666666629659232512494780000000000000000000000000000000000 0.666666666666666629659232512494780000000000000000000000000000000000 0.666666666666666629659232512494780000000000000000000000000000000000 0.629629629629629650189315270836230000000000000000000000000000000000
Triangle 164
0.629629629629629650189315270836230000000000000000000000000000000000 0.666666666666666629659232512494780000000000000000000000000000000000 0.629629629629629650189315270836230000000000000000000000000000000000 0.629629629629629650189315270836230000000000000000000000000000000000 0.666666666666666629659232512494780000000000000000000000000000000000 0.629629629629629650189315270836230000000000000000000000000000000000
Triangle 165
0.629629629629629650189315270836230000000000000000000000000000000000 0.666666666666666629659232512494780000000000000000000000000000000000 0.592592592592592559697095566662030000000000000000000000000000000000 0.666666666666666629659232512494780000000000000000000000000000000000 0.629629629629629650189315270836230000000000000000000000000000000000 0.629629629629629650189315270836230000000000000000000000000000000000
Triangle 166
0.666666666666666629659232512494780000000000000000000000000000000000 0.555555555555555580227178325003480000000000000000000000000000000000 0.703703703703703720151452216668990000000000000000000000000000000000 0.518518518518518489734958620829270000000000000000000000000000000000 0.703703703703703720151452216668990000000000000000000000000000000000 0.555555555555555580227178325003480000000000000000000000000000000000
Triangle 167
0.703703703703703720151452216668990000000000000000000000000000000000 0.592592592592592559697095566662030000000000000000000000000000000000 0.666666666666666629659232512494780000000000000000000000000000000000 0.629629629629629650189315270836230000000000000000000000000000000000 0.666666666666666629659232512494780000000000000000000000000000000000 0.592592592592592559697095566662030000000000000000000000000000000000
Triangle 168
0.666666666666666629659232512494780000000000000000000000000000000000 0.629629629629629650189315270836230000000000000000000000000000000000 0.703703703703703720151452216668990000000000000000000000000000000000 0.592592592592592559697095566662030000000000000000000000000000000000 0.703703703703703720151452216668990000000000000000000000000000000000 0.629629629629629650189315270836230000000000000000000000000000000000
Triangle 169
0.666666666666666629659232512494780000000000000000000000000000000000 0.592592592592592559697095566662030000000000000000000000000000000000 0.703703703703703720151452216668990000000000000000000000000000000000 0.555555555555555580227178325003480000000000000000000000000000000000 0.703703703703703720151452216668990000000000000000000000000000000000 0.592592592592592559697095566662030000000000000000000000000000000000
Triangle 170
0.666666666666666629659232512494780000000000000000000000000000000000 0.555555555555555580227178325003480000000000000000000000000000000000 0.666666666666666629659232512494780000000000000000000000000000000000 0.518518518518518489734958620829270000000000000000000000000000000000 0.703703703703703720151452216668990000000000000000000000000000000000 0.518518518518518489734958620829270000000000000000000000000000000000
Triangle 171
0.666666666666666629659232512494780000000000000000000000000000000000 0.444444444444444419772821674996520000000000000000000000000000000000 0.629629629629629650189315270836230000000000000000000000000000000000 0.444444444444444419772821674996520000000000000000000000000000000000 0.666666666666666629659232512494780000000000000000000000000000000000 0.407407407407407384791753202080140000000000000000000000000000000000
Triangle 172
0.666666666666666629659232512494780000000000000000000000000000000000 0.518518518518518489734958620829270000000000000000000000000000000000 0.703703703703703720151452216668990000000000000000000000000000000000 0.481481481481481454753890147912900000000000000000000000000000000000 0.703703703703703720151452216668990000000000000000000000000000000000 0.518518518518518489734958620829270000000000000000000000000000000000
Triangle 173
0.666666666666666629659232512494780000000000000000000000000000000000 0.481481481481481454753890147912900000000000000000000000000000000000 0.703703703703703720151452216668990000000000000000000000000000000000 0.444444444444444419772821674996520000000000000000000000000000000000 0.703703703703703720151452216668990000000000000000000000000000000000 0.481481481481481454753890147912900000000000000000000000000000000000
Triangle 174
0.592592592592592559697095566662030000000000000000000000000000000000 0.555555555555555580227178325003480000000000000000000000000000000000 0.629629629629629650189315270836230000000000000000000000000000000000 0.518518518518518489734958620829270000000000000000000000000000000000 0.629629629629629650189315270836230000000000000000000000000000000000 0.555555555555555580227178325003480000000000000000000000000000000000
Triangle 175
0.666666666666666629659232512494780000000000000000000000000000000000 0.481481481481481454753890147912900000000000000000000000000000000000 0.703703703703703720151452216668990000000000000000000000000000000000 0.481481481481481454753890147912900000000000000000000000000000000000 0.666666666666666629659232512494780000000000000000000000000000000000 0.518518518518518489734958620829270000000000000000000000000000000000
Triangle 176
0.666666666666666629659232512494780000000000000000000000000000000000 0.592592592592592559697095566662030000000000000000000000000000000000 0.666666666666666629659232512494780000000000000000000000000000000000 0.555555555555555580227178325003480000000000000000000000000000000000 0.703703703703703720151452216668990000000000000000000000000000000000 0.555555555555555580227178325003480000000000000000000000000000000000
Triangle 177
0.666666666666666629659232512494780000000000000000000000000000000000 0.592592592592592559697095566662030000000000000000000000000000000000 0.629629629629629650189315270836230000000000000000000000000000000000 0.592592592592592559697095566662030000000000000000000000000000000000 0.666666666666666629659232512494780000000000000000000000000000000000 0.555555555555555580227178325003480000000000000000000000000000000000
Triangle 178
0.592592592592592559697095566662030000000000000000000000000000000000 0.481481481481481454753890147912900000000000000000000000000000000000 0.629629629629629650189315270836230000000000000000000000000000000000 0.481481481481481454753890147912900000000000000000000000000000000000 0.592592592592592559697095566662030000000000000000000000000000000000 0.518518518518518489734958620829270000000000000000000000000000000000
Triangle 179
0.666666666666666629659232512494780000000000000000000000000000000000 0.518518518518518489734958620829270000000000000000000000000000000000 0.629629629629629650189315270836230000000000000000000000000000000000 0.555555555555555580227178325003480000000000000000000000000000000000 0.629629629629629650189315270836230000000000000000000000000000000000 0.518518518518518489734958620829270000000000000000000000000000000000
Triangle 180
0.592592592592592559697095566662030000000000000000000000000000000000 0.481481481481481454753890147912900000000000000000000000000000000000 0.592592592592592559697095566662030000000000000000000000000000000000 0.518518518518518489734958620829270000000000000000000000000000000000 0.555555555555555580227178325003480000000000000000000000000000000000 0.518518518518518489734958620829270000000000000000000000000000000000
Triangle 181
0.629629629629629650189315270836230000000000000000000000000000000000 0.518518518518518489734958620829270000000000000000000000000000000000 0.592592592592592559697095566662030000000000000000000000000000000000 0.555555555555555580227178325003480000000000000000000000000000000000 0.592592592592592559697095566662030000000000000000000000000000000000 0.518518518518518489734958620829270000000000000000000000000000000000
Triangle 182
0.555555555555555580227178325003480000000000000000000000000000000000 0.555555555555555580227178325003480000000000000000000000000000000000 0.555555555555555580227178325003480000000000000000000000000000000000 0.518518518518518489734958620829270000000000000000000000000000000000 0.592592592592592559697095566662030000000000000000000000000000000000 0.518518518518518489734958620829270000000000000000000000000000000000
Triangle 183
0.555555555555555580227178325003480000000000000000000000000000000000 0.555555555555555580227178325003480000000000000000000000000000000000 0.518518518518518489734958620829270000000000000000000000000000000000 0.555555555555555580227178325003480000000000000000000000000000000000 0.555555555555555580227178325003480000000000000000000000000000000000 0.518518518518518489734958620829270000000000000000000000000000000000
Triangle 184
0.555555555555555580227178325003480000000000000000000000000000000000 0.444444444444444419772821674996520000000000000000000000000000000000 0.592592592592592559697095566662030000000000000000000000000000000000 0.444444444444444419772821674996520000000000000000000000000000000000 0.555555555555555580227178325003480000000000000000000000000000000000 0.481481481481481454753890147912900000000000000000000000000000000000
Triangle 185
0.629629629629629650189315270836230000000000000000000000000000000000 0.481481481481481454753890147912900000000000000000000000000000000000 0.629629629629629650189315270836230000000000000000000000000000000000 0.518518518518518489734958620829270000000000000000000000000000000000 0.592592592592592559697095566662030000000000000000000000000000000000 0.518518518518518489734958620829270000000000000000000000000000000000
Triangle 186
0.629629629629629650189315270836230000000000000000000000000000000000 0.444444444444444419772821674996520000000000000000000000000000000000 0.629629629629629650189315270836230000000000000000000000000000000000 0.481481481481481454753890147912900000000000000000000000000000000000 0.592592592592592559697095566662030000000000000000000000000000000000 0.481481481481481454753890147912900000000000000000000000000000000000
Triangle 187
0.629629629629629650189315270836230000000000000000000000000000000000 0.444444444444444419772821674996520000000000000000000000000000000000 0.666666666666666629659232512494780000000000000000000000000000000000 0.444444444444444419772821674996520000000000000000000000000000000000 0.629629629629629650189315270836230000000000000000000000000000000000 0.481481481481481454753890147912900000000000000000000000000000000000
Triangle 188
0.629629629629629650189315270836230000000000000000000000000000000000 0.518518518518518489734958620829270000000000000000000000000000000000 0.666666666666666629659232512494780000000000000000000000000000000000 0.481481481481481454753890147912900000000000000000000000000000000000 0.666666666666666629659232512494780000000000000000000000000000000000 0.518518518518518489734958620829270000000000000000000000000000000000
Triangle 189
0.629629629629629650189315270836230000000000000000000000000000000000 0.481481481481481454753890147912900000000000000000000000000000000000 0.666666666666666629659232512494780000000000000000000000000000000000 0.444444444444444419772821674996520000000000000000000000000000000000 0.666666666666666629659232512494780000000000000000000000000000000000 0.481481481481481454753890147912900000000000000000000000000000000000
Triangle 190
0.555555555555555580227178325003480000000000000000000000000000000000 0.481481481481481454753890147912900000000000000000000000000000000000 0.592592592592592559697095566662030000000000000000000000000000000000 0.444444444444444419772821674996520000000000000000000000000000000000 0.592592592592592559697095566662030000000000000000000000000000000000 0.481481481481481454753890147912900000000000000000000000000000000000
Triangle 191
0.592592592592592559697095566662030000000000000000000000000000000000 0.407407407407407384791753202080140000000000000000000000000000000000 0.629629629629629650189315270836230000000000000000000000000000000000 0.407407407407407384791753202080140000000000000000000000000000000000 0.592592592592592559697095566662030000000000000000000000000000000000 0.444444444444444419772821674996520000000000000000000000000000000000
Triangle 192
0.518518518518518489734958620829270000000000000000000000000000000000 0.481481481481481454753890147912900000000000000000000000000000000000 0.555555555555555580227178325003480000000000000000000000000000000000 0.444444444444444419772821674996520000000000000000000000000000000000 0.555555555555555580227178325003480000000000000000000000000000000000 0.481481481481481454753890147912900000000000000000000000000000000000
Triangle 193
0.518518518518518489734958620829270000000000000000000000000000000000 0.444444444444444419772821674996520000000000000000000000000000000000 0.555555555555555580227178325003480000000000000000000000000000000000 0.407407407407407384791753202080140000000000000000000000000000000000 0.555555555555555580227178325003480000000000000000000000000000000000 0.444444444444444419772821674996520000000000000000000000000000000000
Triangle 194
0.592592592592592559697095566662030000000000000000000000000000000000 0.407407407407407384791753202080140000000000000000000000000000000000 0.555555555555555580227178325003480000000000000000000000000000000000 0.407407407407407384791753202080140000000000000000000000000000000000 0.592592592592592559697095566662030000000000000000000000000000000000 0.370370370370370349810684729163770000000000000000000000000000000000
Triangle 195
0.592592592592592559697095566662030000000000000000000000000000000000 0.370370370370370349810684729163770000000000000000000000000000000000 0.555555555555555580227178325003480000000000000000000000000000000000 0.407407407407407384791753202080140000000000000000000000000000000000 0.555555555555555580227178325003480000000000000000000000000000000000 0.370370370370370349810684729163770000000000000000000000000000000000
Triangle 196
0.592592592592592559697095566662030000000000000000000000000000000000 0.296296296296296279848547783331010000000000000000000000000000000000 0.555555555555555580227178325003480000000000000000000000000000000000 0.333333333333333314829616256247390000000000000000000000000000000000 0.555555555555555580227178325003480000000000000000000000000000000000 0.296296296296296279848547783331010000000000000000000000000000000000
Triangle 197
0.555555555555555580227178325003480000000000000000000000000000000000 0.370370370370370349810684729163770000000000000000000000000000000000 0.518518518518518489734958620829270000000000000000000000000000000000 0.370370370370370349810684729163770000000000000000000000000000000000 0.555555555555555580227178325003480000000000000000000000000000000000 0.333333333333333314829616256247390000000000000000000000000000000000
Triangle 198
0.555555555555555580227178325003480000000000000000000000000000000000 0.222222222222222209886410837498260000000000000000000000000000000000 0.592592592592592559697095566662030000000000000000000000000000000000 0.296296296296296279848547783331010000000000000000000000000000000000 0.555555555555555580227178325003480000000000000000000000000000000000 0.259259259259259244867479310414640000000000000000000000000000000000
Triangle 199
0.555555555555555580227178325003480000000000000000000000000000000000 0.333333333333333314829616256247390000000000000000000000000000000000 0.518518518518518489734958620829270000000000000000000000000000000000 0.333333333333333314829616256247390000000000000000000000000000000000 0.555555555555555580227178325003480000000000000000000000000000000000 0.296296296296296279848547783331010000000000000000000000000000000000
Triangle 200
0.555555555555555580227178325003480000000000000000000000000000000000 0.259259259259259244867479310414640000000000000000000000000000000000 0.592592592592592559697095566662030000000000000000000000000000000000 0.296296296296296279848547783331010000000000000000000000000000000000 0.555555555555555580227178325003480000000000000000000000000000000000 0.296296296296296279848547783331010000000000000000000000000000000000
Triangle 201
0.592592592592592559697095566662030000000000000000000000000000000000 0.370370370370370349810684729163770000000000000000000000000000000000 0.555555555555555580227178325003480000000000000000000000000000000000 0.370370370370370349810684729163770000000000000000000000000000000000 0.592592592592592559697095566662030000000000000000000000000000000000 0.333333333333333314829616256247390000000000000000000000000000000000
Triangle 202
0.592592592592592559697095566662030000000000000000000000000000000000 0.333333333333333314829616256247390000000000000000000000000000000000 0.592592592592592559697095566662030000000000000000000000000000000000 0.296296296296296279848547783331010000000000000000000000000000000000 0.629629629629629650189315270836230000000000000000000000000000000000 0.333333333333333314829616256247390000000000000000000000000000000000
Triangle 203
0.592592592592592559697095566662030000000000000000000000000000000000 0.333333333333333314829616256247390000000000000000000000000000000000 0.555555555555555580227178325003480000000000000000000000000000000000 0.333333333333333314829616256247390000000000000000000000000000000000 0.592592592592592559697095566662030000000000000000000000000000000000 0.296296296296296279848547783331010000000000000000000000000000000000
Triangle 204
0.666666666666666629659232512494780000000000000000000000000000000000 0.407407407407407384791753202080140000000000000000000000000000000000 0.629629629629629650189315270836230000000000000000000000000000000000 0.407407407407407384791753202080140000000000000000000000000000000000 0.666666666666666629659232512494780000000000000000000000000000000000 0.370370370370370349810684729163770000000000000000000000000000000000
Triangle 205
0.592592592592592559697095566662030000000000000000000000000000000000 0.296296296296296279848547783331010000000000000000000000000000000000 0.555555555555555580227178325003480000000000000000000000000000000000 0.222222222222222209886410837498260000000000000000000000000000000000 0.629629629629629650189315270836230000000000000000000000000000000000 0.333333333333333314829616256247390000000000000000000000000000000000
Triangle 206
0.629629629629629650189315270836230000000000000000000000000000000000 0.333333333333333314829616256247390000000000000000000000000000000000 0.592592592592592559697095566662030000000000000000000000000000000000 0.370370370370370349810684729163770000000000000000000000000000000000 0.592592592592592559697095566662030000000000000000000000000000000000 0.333333333333333314829616256247390000000000000000000000000000000000
Triangle 207
0.629629629629629650189315270836230000000000000000000000000000000000 0.370370370370370349810684729163770000000000000000000000000000000000 0.592592592592592559697095566662030000000000000000000000000000000000 0.407407407407407384791753202080140000000000000000000000000000000000 0.592592592592592559697095566662030000000000000000000000000000000000 0.370370370370370349810684729163770000000000000000000000000000000000
Triangle 208
0.666666666666666629659232512494780000000000000000000000000000000000 0.370370370370370349810684729163770000000000000000000000000000000000 0.629629629629629650189315270836230000000000000000000000000000000000 0.407407407407407384791753202080140000000000000000000000000000000000 0.629629629629629650189315270836230000000000000000000000000000000000 0.370370370370370349810684729163770000000000000000000000000000000000
Triangle 209
0.629629629629629650189315270836230000000000000000000000000000000000 0.444444444444444419772821674996520000000000000000000000000000000000 0.592592592592592559697095566662030000000000000000000000000000000000 0.444444444444444419772821674996520000000000000000000000000000000000 0.629629629629629650189315270836230000000000000000000000000000000000 0.407407407407407384791753202080140000000000000000000000000000000000
Triangle 210
0.629629629629629650189315270836230000000000000000000000000000000000 0.333333333333333314829616256247390000000000000000000000000000000000 0.666666666666666629659232512494780000000000000000000000000000000000 0.370370370370370349810684729163770000000000000000000000000000000000 0.629629629629629650189315270836230000000000000000000000000000000000 0.370370370370370349810684729163770000000000000000000000000000000000
Triangle 211
0.703703703703703720151452216668990000000000000000000000000000000000 0.444444444444444419772821674996520000000000000000000000000000000000 0.666666666666666629659232512494780000000000000000000000000000000000 0.444444444444444419772821674996520000000000000000000000000000000000 0.666666666666666629659232512494780000000000000000000000000000000000 0.407407407407407384791753202080140000000000000000000000000000000000
Triangle 212
0.666666666666666629659232512494780000000000000000000000000000000000 0.407407407407407384791753202080140000000000000000000000000000000000 0.666666666666666629659232512494780000000000000000000000000000000000 0.370370370370370349810684729163770000000000000000000000000000000000 0.703703703703703720151452216668990000000000000000000000000000000000 0.444444444444444419772821674996520000000000000000000000000000000000
Regular edge 1
0.333333333333333314829616256247390000000000000000000000000000000000 0.037037037037037034981068472916380000000000000000000000000000000000 0.296296296296296279848547783331010000000000000000000000000000000000 0.037037037037037034981068472916380000000000000000000000000000000000
Regular edge 2
0.407407407407407384791753202080140000000000000000000000000000000000 0.074074074074074069962136945832750000000000000000000000000000000000 0.444444444444444419772821674996520000000000000000000000000000000000 0.111111111111111104943205418749130000000000000000000000000000000000
Regular edge 3
0.407407407407407384791753202080140000000000000000000000000000000000 0.074074074074074069962136945832750000000000000000000000000000000000 0.370370370370370349810684729163770000000000000000000000000000000000 0.037037037037037034981068472916380000000000000000000000000000000000
Regular edge 4
0.407407407407407384791753202080140000000000000000000000000000000000 0.592592592592592559697095566662030000000000000000000000000000000000 0.407407407407407384791753202080140000000000000000000000000000000000 0.555555555555555580227178325003480000000000000000000000000000000000
Regular edge 5
0.333333333333333314829616256247390000000000000000000000000000000000 0.185185185185185174905342364581880000000000000000000000000000000000 0.296296296296296279848547783331010000000000000000000000000000000000 0.111111111111111104943205418749130000000000000000000000000000000000
Regular edge 6
0.296296296296296279848547783331010000000000000000000000000000000000 0.074074074074074069962136945832750000000000000000000000000000000000 0.296296296296296279848547783331010000000000000000000000000000000000 0.037037037037037034981068472916380000000000000000000000000000000000
Regular edge 7
0.666666666666666629659232512494780000000000000000000000000000000000 0.370370370370370349810684729163770000000000000000000000000000000000 0.629629629629629650189315270836230000000000000000000000000000000000 0.333333333333333314829616256247390000000000000000000000000000000000
Regular edge 8
0.629629629629629650189315270836230000000000000000000000000000000000 0.333333333333333314829616256247390000000000000000000000000000000000 0.555555555555555580227178325003480000000000000000000000000000000000 0.222222222222222209886410837498260000000000000000000000000000000000
Regular edge 9
0.703703703703703720151452216668990000000000000000000000000000000000 0.518518518518518489734958620829270000000000000000000000000000000000 0.703703703703703720151452216668990000000000000000000000000000000000 0.481481481481481454753890147912900000000000000000000000000000000000
Regular edge 10
0.296296296296296279848547783331010000000000000000000000000000000000 0.111111111111111104943205418749130000000000000000000000000000000000 0.296296296296296279848547783331010000000000000000000000000000000000 0.074074074074074069962136945832750000000000000000000000000000000000
Regular edge 11
0.370370370370370349810684729163770000000000000000000000000000000000 0.037037037037037034981068472916380000000000000000000000000000000000 0.333333333333333314829616256247390000000000000000000000000000000000 0.037037037037037034981068472916380000000000000000000000000000000000
Regular edge 12
0.444444444444444419772821674996520000000000000000000000000000000000 0.111111111111111104943205418749130000000000000000000000000000000000 0.555555555555555580227178325003480000000000000000000000000000000000 0.222222222222222209886410837498260000000000000000000000000000000000
Regular edge 13
0.407407407407407384791753202080140000000000000000000000000000000000 0.481481481481481454753890147912900000000000000000000000000000000000 0.333333333333333314829616256247390000000000000000000000000000000000 0.185185185185185174905342364581880000000000000000000000000000000000
Regular edge 14
0.407407407407407384791753202080140000000000000000000000000000000000 0.481481481481481454753890147912900000000000000000000000000000000000 0.407407407407407384791753202080140000000000000000000000000000000000 0.518518518518518489734958620829270000000000000000000000000000000000
Regular edge 15
0.407407407407407384791753202080140000000000000000000000000000000000 0.518518518518518489734958620829270000000000000000000000000000000000 0.407407407407407384791753202080140000000000000000000000000000000000 0.555555555555555580227178325003480000000000000000000000000000000000
Regular edge 16
0.407407407407407384791753202080140000000000000000000000000000000000 0.592592592592592559697095566662030000000000000000000000000000000000 0.444444444444444419772821674996520000000000000000000000000000000000 0.666666666666666629659232512494780000000000000000000000000000000000
Regular edge 17
0.444444444444444419772821674996520000000000000000000000000000000000 0.666666666666666629659232512494780000000000000000000000000000000000 0.481481481481481454753890147912900000000000000000000000000000000000 0.740740740740740699621369458327540000000000000000000000000000000000
Regular edge 18
0.555555555555555580227178325003480000000000000000000000000000000000 0.740740740740740699621369458327540000000000000000000000000000000000 0.518518518518518489734958620829270000000000000000000000000000000000 0.740740740740740699621369458327540000000000000000000000000000000000
Regular edge 19
0.481481481481481454753890147912900000000000000000000000000000000000 0.740740740740740699621369458327540000000000000000000000000000000000 0.518518518518518489734958620829270000000000000000000000000000000000 0.740740740740740699621369458327540000000000000000000000000000000000
Regular edge 20
0.592592592592592559697095566662030000000000000000000000000000000000 0.740740740740740699621369458327540000000000000000000000000000000000 0.629629629629629650189315270836230000000000000000000000000000000000 0.740740740740740699621369458327540000000000000000000000000000000000
Regular edge 21
0.592592592592592559697095566662030000000000000000000000000000000000 0.740740740740740699621369458327540000000000000000000000000000000000 0.555555555555555580227178325003480000000000000000000000000000000000 0.740740740740740699621369458327540000000000000000000000000000000000
Regular edge 22
0.703703703703703720151452216668990000000000000000000000000000000000 0.703703703703703720151452216668990000000000000000000000000000000000 0.703703703703703720151452216668990000000000000000000000000000000000 0.666666666666666629659232512494780000000000000000000000000000000000
Regular edge 23
0.629629629629629650189315270836230000000000000000000000000000000000 0.740740740740740699621369458327540000000000000000000000000000000000 0.666666666666666629659232512494780000000000000000000000000000000000 0.740740740740740699621369458327540000000000000000000000000000000000
Regular edge 24
0.666666666666666629659232512494780000000000000000000000000000000000 0.740740740740740699621369458327540000000000000000000000000000000000 0.703703703703703720151452216668990000000000000000000000000000000000 0.703703703703703720151452216668990000000000000000000000000000000000
Regular edge 25
0.703703703703703720151452216668990000000000000000000000000000000000 0.666666666666666629659232512494780000000000000000000000000000000000 0.703703703703703720151452216668990000000000000000000000000000000000 0.629629629629629650189315270836230000000000000000000000000000000000
Regular edge 26
0.703703703703703720151452216668990000000000000000000000000000000000 0.629629629629629650189315270836230000000000000000000000000000000000 0.703703703703703720151452216668990000000000000000000000000000000000 0.592592592592592559697095566662030000000000000000000000000000000000
Regular edge 27
0.703703703703703720151452216668990000000000000000000000000000000000 0.518518518518518489734958620829270000000000000000000000000000000000 0.703703703703703720151452216668990000000000000000000000000000000000 0.555555555555555580227178325003480000000000000000000000000000000000
Regular edge 28
0.703703703703703720151452216668990000000000000000000000000000000000 0.592592592592592559697095566662030000000000000000000000000000000000 0.703703703703703720151452216668990000000000000000000000000000000000 0.555555555555555580227178325003480000000000000000000000000000000000
Regular edge 29
0.703703703703703720151452216668990000000000000000000000000000000000 0.481481481481481454753890147912900000000000000000000000000000000000 0.703703703703703720151452216668990000000000000000000000000000000000 0.444444444444444419772821674996520000000000000000000000000000000000
Regular edge 30
0.703703703703703720151452216668990000000000000000000000000000000000 0.444444444444444419772821674996520000000000000000000000000000000000 0.666666666666666629659232512494780000000000000000000000000000000000 0.370370370370370349810684729163770000000000000000000000000000000000
Triangles: 212
Regular Edges: 30
Singular Edges: 0
------------------------------------------
