------------------------------------------
Triangles: 0
Regular Edges: 0
Singular Edges: 0
------------------------------------------
------------------------------------------
Triangles: 0
Regular Edges: 0
Singular Edges: 0
------------------------------------------
------------------------------------------
Triangles: 0
Regular Edges: 0
Singular Edges: 0
------------------------------------------
------------------------------------------
Triangles: 0
Regular Edges: 0
Singular Edges: 0
------------------------------------------
------------------------------------------
Triangle 1
0.5925925925925925596970955666620284318923950195312500000000000000000 0.5555555555555555802271783250034786760807037353515625000000000000000 0.5555555555555555802271783250034786760807037353515625000000000000000 0.5925925925925925596970955666620284318923950195312500000000000000000 0.5555555555555555802271783250034786760807037353515625000000000000000 0.5555555555555555802271783250034786760807037353515625000000000000000
Triangle 2
0.6296296296296296501893152708362322300672531127929687500000000000000 0.7037037037037037201514522166689857840538024902343750000000000000000 0.6666666666666666296592325124947819858789443969726562500000000000000 0.7037037037037037201514522166689857840538024902343750000000000000000 0.6296296296296296501893152708362322300672531127929687500000000000000 0.7407407407407406996213694583275355398654937744140625000000000000000
Triangle 3
0.6666666666666666296592325124947819858789443969726562500000000000000 0.5925925925925925596970955666620284318923950195312500000000000000000 0.6296296296296296501893152708362322300672531127929687500000000000000 0.5925925925925925596970955666620284318923950195312500000000000000000 0.6666666666666666296592325124947819858789443969726562500000000000000 0.5555555555555555802271783250034786760807037353515625000000000000000
Triangle 4
0.5925925925925925596970955666620284318923950195312500000000000000000 0.5925925925925925596970955666620284318923950195312500000000000000000 0.5555555555555555802271783250034786760807037353515625000000000000000 0.5925925925925925596970955666620284318923950195312500000000000000000 0.5925925925925925596970955666620284318923950195312500000000000000000 0.5555555555555555802271783250034786760807037353515625000000000000000
Triangle 5
0.6666666666666666296592325124947819858789443969726562500000000000000 0.6296296296296296501893152708362322300672531127929687500000000000000 0.6666666666666666296592325124947819858789443969726562500000000000000 0.6666666666666666296592325124947819858789443969726562500000000000000 0.6296296296296296501893152708362322300672531127929687500000000000000 0.6666666666666666296592325124947819858789443969726562500000000000000
Triangle 6
0.5925925925925925596970955666620284318923950195312500000000000000000 0.6296296296296296501893152708362322300672531127929687500000000000000 0.5555555555555555802271783250034786760807037353515625000000000000000 0.6666666666666666296592325124947819858789443969726562500000000000000 0.5555555555555555802271783250034786760807037353515625000000000000000 0.6296296296296296501893152708362322300672531127929687500000000000000
Triangle 7
0.5925925925925925596970955666620284318923950195312500000000000000000 0.7037037037037037201514522166689857840538024902343750000000000000000 0.5555555555555555802271783250034786760807037353515625000000000000000 0.7407407407407406996213694583275355398654937744140625000000000000000 0.5555555555555555802271783250034786760807037353515625000000000000000 0.7037037037037037201514522166689857840538024902343750000000000000000
Triangle 8
0.5925925925925925596970955666620284318923950195312500000000000000000 0.7407407407407406996213694583275355398654937744140625000000000000000 0.5555555555555555802271783250034786760807037353515625000000000000000 0.7407407407407406996213694583275355398654937744140625000000000000000 0.5925925925925925596970955666620284318923950195312500000000000000000 0.7037037037037037201514522166689857840538024902343750000000000000000
Triangle 9
0.6666666666666666296592325124947819858789443969726562500000000000000 0.5555555555555555802271783250034786760807037353515625000000000000000 0.6296296296296296501893152708362322300672531127929687500000000000000 0.5925925925925925596970955666620284318923950195312500000000000000000 0.6296296296296296501893152708362322300672531127929687500000000000000 0.5555555555555555802271783250034786760807037353515625000000000000000
Triangle 10
0.5925925925925925596970955666620284318923950195312500000000000000000 0.6666666666666666296592325124947819858789443969726562500000000000000 0.5555555555555555802271783250034786760807037353515625000000000000000 0.6666666666666666296592325124947819858789443969726562500000000000000 0.5925925925925925596970955666620284318923950195312500000000000000000 0.6296296296296296501893152708362322300672531127929687500000000000000
Triangle 11
0.6666666666666666296592325124947819858789443969726562500000000000000 0.7037037037037037201514522166689857840538024902343750000000000000000 0.6666666666666666296592325124947819858789443969726562500000000000000 0.7407407407407406996213694583275355398654937744140625000000000000000 0.6296296296296296501893152708362322300672531127929687500000000000000 0.7407407407407406996213694583275355398654937744140625000000000000000
Triangle 12
0.6296296296296296501893152708362322300672531127929687500000000000000 0.6666666666666666296592325124947819858789443969726562500000000000000 0.6296296296296296501893152708362322300672531127929687500000000000000 0.6296296296296296501893152708362322300672531127929687500000000000000 0.6666666666666666296592325124947819858789443969726562500000000000000 0.6296296296296296501893152708362322300672531127929687500000000000000
Singular edge 1
0.4814814814814814547538901479128981009125709533691406250000000000000 0.4814814814814814547538901479128981009125709533691406250000000000000 0.4444444444444444197728216749965213239192962646484375000000000000000 0.4814814814814814547538901479128981009125709533691406250000000000000
Singular edge 2
0.4814814814814814547538901479128981009125709533691406250000000000000 0.4444444444444444197728216749965213239192962646484375000000000000000 0.4814814814814814547538901479128981009125709533691406250000000000000 0.4814814814814814547538901479128981009125709533691406250000000000000
Singular edge 3
0.3703703703703703498106847291637677699327468872070312500000000000000 0.1111111111111111049432054187491303309798240661621093750000000000000 0.3703703703703703498106847291637677699327468872070312500000000000000 0.1481481481481481399242738916655071079730987548828125000000000000000
Singular edge 4
0.3703703703703703498106847291637677699327468872070312500000000000000 0.1481481481481481399242738916655071079730987548828125000000000000000 0.3333333333333333148296162562473909929394721984863281250000000000000 0.1481481481481481399242738916655071079730987548828125000000000000000
Regular edge 1
0.5555555555555555802271783250034786760807037353515625000000000000000 0.5925925925925925596970955666620284318923950195312500000000000000000 0.5555555555555555802271783250034786760807037353515625000000000000000 0.5555555555555555802271783250034786760807037353515625000000000000000
Regular edge 2
0.5555555555555555802271783250034786760807037353515625000000000000000 0.5555555555555555802271783250034786760807037353515625000000000000000 0.5925925925925925596970955666620284318923950195312500000000000000000 0.5555555555555555802271783250034786760807037353515625000000000000000
Singular edge 5
0.2962962962962962798485477833310142159461975097656250000000000000000 0.1111111111111111049432054187491303309798240661621093750000000000000 0.3333333333333333148296162562473909929394721984863281250000000000000 0.1111111111111111049432054187491303309798240661621093750000000000000
Singular edge 6
0.3333333333333333148296162562473909929394721984863281250000000000000 0.1111111111111111049432054187491303309798240661621093750000000000000 0.3333333333333333148296162562473909929394721984863281250000000000000 0.1481481481481481399242738916655071079730987548828125000000000000000
Singular edge 7
0.4074074074074073847917532020801445469260215759277343750000000000000 0.0740740740740740699621369458327535539865493774414062500000000000000 0.4074074074074073847917532020801445469260215759277343750000000000000 0.1111111111111111049432054187491303309798240661621093750000000000000
Singular edge 8
0.4074074074074073847917532020801445469260215759277343750000000000000 0.1111111111111111049432054187491303309798240661621093750000000000000 0.3703703703703703498106847291637677699327468872070312500000000000000 0.1111111111111111049432054187491303309798240661621093750000000000000
Singular edge 9
0.3333333333333333148296162562473909929394721984863281250000000000000 0.0370370370370370349810684729163767769932746887207031250000000000000 0.2962962962962962798485477833310142159461975097656250000000000000000 0.0370370370370370349810684729163767769932746887207031250000000000000
Singular edge 10
0.4444444444444444197728216749965213239192962646484375000000000000000 0.1851851851851851749053423645818838849663734436035156250000000000000 0.4444444444444444197728216749965213239192962646484375000000000000000 0.1481481481481481399242738916655071079730987548828125000000000000000
Singular edge 11
0.4814814814814814547538901479128981009125709533691406250000000000000 0.1851851851851851749053423645818838849663734436035156250000000000000 0.4444444444444444197728216749965213239192962646484375000000000000000 0.1851851851851851749053423645818838849663734436035156250000000000000
Singular edge 12
0.3333333333333333148296162562473909929394721984863281250000000000000 0.1111111111111111049432054187491303309798240661621093750000000000000 0.3703703703703703498106847291637677699327468872070312500000000000000 0.1111111111111111049432054187491303309798240661621093750000000000000
Singular edge 13
0.4074074074074073847917532020801445469260215759277343750000000000000 0.1111111111111111049432054187491303309798240661621093750000000000000 0.4074074074074073847917532020801445469260215759277343750000000000000 0.1481481481481481399242738916655071079730987548828125000000000000000
Singular edge 14
0.4074074074074073847917532020801445469260215759277343750000000000000 0.1481481481481481399242738916655071079730987548828125000000000000000 0.3703703703703703498106847291637677699327468872070312500000000000000 0.1481481481481481399242738916655071079730987548828125000000000000000
Singular edge 15
0.3703703703703703498106847291637677699327468872070312500000000000000 0.1851851851851851749053423645818838849663734436035156250000000000000 0.4074074074074073847917532020801445469260215759277343750000000000000 0.1851851851851851749053423645818838849663734436035156250000000000000
Singular edge 16
0.4074074074074073847917532020801445469260215759277343750000000000000 0.1851851851851851749053423645818838849663734436035156250000000000000 0.4074074074074073847917532020801445469260215759277343750000000000000 0.2222222222222222098864108374982606619596481323242187500000000000000
Singular edge 17
0.6666666666666666296592325124947819858789443969726562500000000000000 0.5185185185185184897349586208292748779058456420898437500000000000000 0.6296296296296296501893152708362322300672531127929687500000000000000 0.5185185185185184897349586208292748779058456420898437500000000000000
Singular edge 18
0.6666666666666666296592325124947819858789443969726562500000000000000 0.4814814814814814547538901479128981009125709533691406250000000000000 0.6666666666666666296592325124947819858789443969726562500000000000000 0.5185185185185184897349586208292748779058456420898437500000000000000
Singular edge 19
0.3333333333333333148296162562473909929394721984863281250000000000000 0.0740740740740740699621369458327535539865493774414062500000000000000 0.2962962962962962798485477833310142159461975097656250000000000000000 0.0740740740740740699621369458327535539865493774414062500000000000000
Singular edge 20
0.3333333333333333148296162562473909929394721984863281250000000000000 0.0370370370370370349810684729163767769932746887207031250000000000000 0.3333333333333333148296162562473909929394721984863281250000000000000 0.0740740740740740699621369458327535539865493774414062500000000000000
Singular edge 21
0.3703703703703703498106847291637677699327468872070312500000000000000 0.0740740740740740699621369458327535539865493774414062500000000000000 0.3703703703703703498106847291637677699327468872070312500000000000000 0.1111111111111111049432054187491303309798240661621093750000000000000
Singular edge 22
0.5185185185185184897349586208292748779058456420898437500000000000000 0.3333333333333333148296162562473909929394721984863281250000000000000 0.5555555555555555802271783250034786760807037353515625000000000000000 0.3333333333333333148296162562473909929394721984863281250000000000000
Singular edge 23
0.3333333333333333148296162562473909929394721984863281250000000000000 0.1111111111111111049432054187491303309798240661621093750000000000000 0.3333333333333333148296162562473909929394721984863281250000000000000 0.0740740740740740699621369458327535539865493774414062500000000000000
Singular edge 24
0.5185185185185184897349586208292748779058456420898437500000000000000 0.6666666666666666296592325124947819858789443969726562500000000000000 0.5185185185185184897349586208292748779058456420898437500000000000000 0.6296296296296296501893152708362322300672531127929687500000000000000
Singular edge 25
0.5185185185185184897349586208292748779058456420898437500000000000000 0.6296296296296296501893152708362322300672531127929687500000000000000 0.5555555555555555802271783250034786760807037353515625000000000000000 0.6296296296296296501893152708362322300672531127929687500000000000000
Singular edge 26
0.4444444444444444197728216749965213239192962646484375000000000000000 0.5555555555555555802271783250034786760807037353515625000000000000000 0.4444444444444444197728216749965213239192962646484375000000000000000 0.5925925925925925596970955666620284318923950195312500000000000000000
Singular edge 27
0.4444444444444444197728216749965213239192962646484375000000000000000 0.5925925925925925596970955666620284318923950195312500000000000000000 0.4074074074074073847917532020801445469260215759277343750000000000000 0.5925925925925925596970955666620284318923950195312500000000000000000
Singular edge 28
0.4074074074074073847917532020801445469260215759277343750000000000000 0.5925925925925925596970955666620284318923950195312500000000000000000 0.4074074074074073847917532020801445469260215759277343750000000000000 0.5555555555555555802271783250034786760807037353515625000000000000000
Singular edge 29
0.4074074074074073847917532020801445469260215759277343750000000000000 0.5555555555555555802271783250034786760807037353515625000000000000000 0.4444444444444444197728216749965213239192962646484375000000000000000 0.5555555555555555802271783250034786760807037353515625000000000000000
Singular edge 30
0.4444444444444444197728216749965213239192962646484375000000000000000 0.4814814814814814547538901479128981009125709533691406250000000000000 0.4444444444444444197728216749965213239192962646484375000000000000000 0.5185185185185184897349586208292748779058456420898437500000000000000
Singular edge 31
0.4444444444444444197728216749965213239192962646484375000000000000000 0.5185185185185184897349586208292748779058456420898437500000000000000 0.4074074074074073847917532020801445469260215759277343750000000000000 0.5185185185185184897349586208292748779058456420898437500000000000000
Singular edge 32
0.5185185185185184897349586208292748779058456420898437500000000000000 0.5555555555555555802271783250034786760807037353515625000000000000000 0.5555555555555555802271783250034786760807037353515625000000000000000 0.5555555555555555802271783250034786760807037353515625000000000000000
Singular edge 33
0.4444444444444444197728216749965213239192962646484375000000000000000 0.6296296296296296501893152708362322300672531127929687500000000000000 0.4444444444444444197728216749965213239192962646484375000000000000000 0.5925925925925925596970955666620284318923950195312500000000000000000
Singular edge 34
0.4444444444444444197728216749965213239192962646484375000000000000000 0.5925925925925925596970955666620284318923950195312500000000000000000 0.4814814814814814547538901479128981009125709533691406250000000000000 0.5925925925925925596970955666620284318923950195312500000000000000000
Singular edge 35
0.4444444444444444197728216749965213239192962646484375000000000000000 0.6666666666666666296592325124947819858789443969726562500000000000000 0.4444444444444444197728216749965213239192962646484375000000000000000 0.6296296296296296501893152708362322300672531127929687500000000000000
Singular edge 36
0.4444444444444444197728216749965213239192962646484375000000000000000 0.6296296296296296501893152708362322300672531127929687500000000000000 0.4814814814814814547538901479128981009125709533691406250000000000000 0.6296296296296296501893152708362322300672531127929687500000000000000
Singular edge 37
0.4444444444444444197728216749965213239192962646484375000000000000000 0.5555555555555555802271783250034786760807037353515625000000000000000 0.4444444444444444197728216749965213239192962646484375000000000000000 0.5185185185185184897349586208292748779058456420898437500000000000000
Singular edge 38
0.4444444444444444197728216749965213239192962646484375000000000000000 0.5185185185185184897349586208292748779058456420898437500000000000000 0.4814814814814814547538901479128981009125709533691406250000000000000 0.5185185185185184897349586208292748779058456420898437500000000000000
Singular edge 39
0.5555555555555555802271783250034786760807037353515625000000000000000 0.5925925925925925596970955666620284318923950195312500000000000000000 0.5555555555555555802271783250034786760807037353515625000000000000000 0.6296296296296296501893152708362322300672531127929687500000000000000
Singular edge 40
0.4444444444444444197728216749965213239192962646484375000000000000000 0.2592592592592592448674793104146374389529228210449218750000000000000 0.4444444444444444197728216749965213239192962646484375000000000000000 0.2222222222222222098864108374982606619596481323242187500000000000000
Singular edge 41
0.4814814814814814547538901479128981009125709533691406250000000000000 0.4444444444444444197728216749965213239192962646484375000000000000000 0.4444444444444444197728216749965213239192962646484375000000000000000 0.4444444444444444197728216749965213239192962646484375000000000000000
Singular edge 42
0.5185185185185184897349586208292748779058456420898437500000000000000 0.4814814814814814547538901479128981009125709533691406250000000000000 0.5185185185185184897349586208292748779058456420898437500000000000000 0.4444444444444444197728216749965213239192962646484375000000000000000
Singular edge 43
0.5185185185185184897349586208292748779058456420898437500000000000000 0.4444444444444444197728216749965213239192962646484375000000000000000 0.5555555555555555802271783250034786760807037353515625000000000000000 0.4444444444444444197728216749965213239192962646484375000000000000000
Singular edge 44
0.4814814814814814547538901479128981009125709533691406250000000000000 0.5555555555555555802271783250034786760807037353515625000000000000000 0.4814814814814814547538901479128981009125709533691406250000000000000 0.5925925925925925596970955666620284318923950195312500000000000000000
Singular edge 45
0.5555555555555555802271783250034786760807037353515625000000000000000 0.6666666666666666296592325124947819858789443969726562500000000000000 0.5185185185185184897349586208292748779058456420898437500000000000000 0.6666666666666666296592325124947819858789443969726562500000000000000
Regular edge 3
0.5555555555555555802271783250034786760807037353515625000000000000000 0.6296296296296296501893152708362322300672531127929687500000000000000 0.5555555555555555802271783250034786760807037353515625000000000000000 0.6666666666666666296592325124947819858789443969726562500000000000000
Singular edge 46
0.4814814814814814547538901479128981009125709533691406250000000000000 0.7407407407407406996213694583275355398654937744140625000000000000000 0.4814814814814814547538901479128981009125709533691406250000000000000 0.7037037037037037201514522166689857840538024902343750000000000000000
Singular edge 47
0.4814814814814814547538901479128981009125709533691406250000000000000 0.7037037037037037201514522166689857840538024902343750000000000000000 0.5185185185185184897349586208292748779058456420898437500000000000000 0.7037037037037037201514522166689857840538024902343750000000000000000
Singular edge 48
0.5925925925925925596970955666620284318923950195312500000000000000000 0.6666666666666666296592325124947819858789443969726562500000000000000 0.5925925925925925596970955666620284318923950195312500000000000000000 0.7037037037037037201514522166689857840538024902343750000000000000000
Regular edge 4
0.5925925925925925596970955666620284318923950195312500000000000000000 0.7037037037037037201514522166689857840538024902343750000000000000000 0.5555555555555555802271783250034786760807037353515625000000000000000 0.7037037037037037201514522166689857840538024902343750000000000000000
Regular edge 5
0.6296296296296296501893152708362322300672531127929687500000000000000 0.7407407407407406996213694583275355398654937744140625000000000000000 0.6296296296296296501893152708362322300672531127929687500000000000000 0.7037037037037037201514522166689857840538024902343750000000000000000
Regular edge 6
0.6296296296296296501893152708362322300672531127929687500000000000000 0.7037037037037037201514522166689857840538024902343750000000000000000 0.6666666666666666296592325124947819858789443969726562500000000000000 0.7037037037037037201514522166689857840538024902343750000000000000000
Singular edge 49
0.5555555555555555802271783250034786760807037353515625000000000000000 0.5185185185185184897349586208292748779058456420898437500000000000000 0.5555555555555555802271783250034786760807037353515625000000000000000 0.5555555555555555802271783250034786760807037353515625000000000000000
Singular edge 50
0.6296296296296296501893152708362322300672531127929687500000000000000 0.5185185185185184897349586208292748779058456420898437500000000000000 0.6296296296296296501893152708362322300672531127929687500000000000000 0.4814814814814814547538901479128981009125709533691406250000000000000
Singular edge 51
0.6296296296296296501893152708362322300672531127929687500000000000000 0.4814814814814814547538901479128981009125709533691406250000000000000 0.6666666666666666296592325124947819858789443969726562500000000000000 0.4814814814814814547538901479128981009125709533691406250000000000000
Singular edge 52
0.7037037037037037201514522166689857840538024902343750000000000000000 0.5185185185185184897349586208292748779058456420898437500000000000000 0.7037037037037037201514522166689857840538024902343750000000000000000 0.4814814814814814547538901479128981009125709533691406250000000000000
Regular edge 7
0.6666666666666666296592325124947819858789443969726562500000000000000 0.5555555555555555802271783250034786760807037353515625000000000000000 0.6666666666666666296592325124947819858789443969726562500000000000000 0.5925925925925925596970955666620284318923950195312500000000000000000
Regular edge 8
0.6666666666666666296592325124947819858789443969726562500000000000000 0.5925925925925925596970955666620284318923950195312500000000000000000 0.6296296296296296501893152708362322300672531127929687500000000000000 0.5925925925925925596970955666620284318923950195312500000000000000000
Singular edge 53
0.6296296296296296501893152708362322300672531127929687500000000000000 0.3703703703703703498106847291637677699327468872070312500000000000000 0.6296296296296296501893152708362322300672531127929687500000000000000 0.4074074074074073847917532020801445469260215759277343750000000000000
Singular edge 54
0.6296296296296296501893152708362322300672531127929687500000000000000 0.4074074074074073847917532020801445469260215759277343750000000000000 0.5925925925925925596970955666620284318923950195312500000000000000000 0.4074074074074073847917532020801445469260215759277343750000000000000
Singular edge 55
0.5555555555555555802271783250034786760807037353515625000000000000000 0.3703703703703703498106847291637677699327468872070312500000000000000 0.5555555555555555802271783250034786760807037353515625000000000000000 0.4074074074074073847917532020801445469260215759277343750000000000000
Singular edge 56
0.5555555555555555802271783250034786760807037353515625000000000000000 0.4074074074074073847917532020801445469260215759277343750000000000000 0.5185185185185184897349586208292748779058456420898437500000000000000 0.4074074074074073847917532020801445469260215759277343750000000000000
Singular edge 57
0.5925925925925925596970955666620284318923950195312500000000000000000 0.4814814814814814547538901479128981009125709533691406250000000000000 0.5555555555555555802271783250034786760807037353515625000000000000000 0.4814814814814814547538901479128981009125709533691406250000000000000
Singular edge 58
0.5925925925925925596970955666620284318923950195312500000000000000000 0.4444444444444444197728216749965213239192962646484375000000000000000 0.5925925925925925596970955666620284318923950195312500000000000000000 0.4814814814814814547538901479128981009125709533691406250000000000000
Singular edge 59
0.5925925925925925596970955666620284318923950195312500000000000000000 0.3333333333333333148296162562473909929394721984863281250000000000000 0.5925925925925925596970955666620284318923950195312500000000000000000 0.3703703703703703498106847291637677699327468872070312500000000000000
Singular edge 60
0.5925925925925925596970955666620284318923950195312500000000000000000 0.3703703703703703498106847291637677699327468872070312500000000000000 0.5555555555555555802271783250034786760807037353515625000000000000000 0.3703703703703703498106847291637677699327468872070312500000000000000
Singular edge 61
0.5925925925925925596970955666620284318923950195312500000000000000000 0.4444444444444444197728216749965213239192962646484375000000000000000 0.5555555555555555802271783250034786760807037353515625000000000000000 0.4444444444444444197728216749965213239192962646484375000000000000000
Singular edge 62
0.5925925925925925596970955666620284318923950195312500000000000000000 0.4074074074074073847917532020801445469260215759277343750000000000000 0.5925925925925925596970955666620284318923950195312500000000000000000 0.4444444444444444197728216749965213239192962646484375000000000000000
Singular edge 63
0.5185185185185184897349586208292748779058456420898437500000000000000 0.2222222222222222098864108374982606619596481323242187500000000000000 0.5185185185185184897349586208292748779058456420898437500000000000000 0.2592592592592592448674793104146374389529228210449218750000000000000
Singular edge 64
0.5185185185185184897349586208292748779058456420898437500000000000000 0.2592592592592592448674793104146374389529228210449218750000000000000 0.4814814814814814547538901479128981009125709533691406250000000000000 0.2592592592592592448674793104146374389529228210449218750000000000000
Singular edge 65
0.5185185185185184897349586208292748779058456420898437500000000000000 0.4444444444444444197728216749965213239192962646484375000000000000000 0.5185185185185184897349586208292748779058456420898437500000000000000 0.4074074074074073847917532020801445469260215759277343750000000000000
Singular edge 66
0.5185185185185184897349586208292748779058456420898437500000000000000 0.2592592592592592448674793104146374389529228210449218750000000000000 0.5555555555555555802271783250034786760807037353515625000000000000000 0.2592592592592592448674793104146374389529228210449218750000000000000
Singular edge 67
0.5185185185185184897349586208292748779058456420898437500000000000000 0.2962962962962962798485477833310142159461975097656250000000000000000 0.5185185185185184897349586208292748779058456420898437500000000000000 0.2592592592592592448674793104146374389529228210449218750000000000000
Singular edge 68
0.6296296296296296501893152708362322300672531127929687500000000000000 0.3333333333333333148296162562473909929394721984863281250000000000000 0.5925925925925925596970955666620284318923950195312500000000000000000 0.3333333333333333148296162562473909929394721984863281250000000000000
Singular edge 69
0.5925925925925925596970955666620284318923950195312500000000000000000 0.3333333333333333148296162562473909929394721984863281250000000000000 0.5925925925925925596970955666620284318923950195312500000000000000000 0.2962962962962962798485477833310142159461975097656250000000000000000
Singular edge 70
0.6296296296296296501893152708362322300672531127929687500000000000000 0.4074074074074073847917532020801445469260215759277343750000000000000 0.6666666666666666296592325124947819858789443969726562500000000000000 0.4074074074074073847917532020801445469260215759277343750000000000000
Singular edge 71
0.6296296296296296501893152708362322300672531127929687500000000000000 0.4444444444444444197728216749965213239192962646484375000000000000000 0.6296296296296296501893152708362322300672531127929687500000000000000 0.4074074074074073847917532020801445469260215759277343750000000000000
Singular edge 72
0.2962962962962962798485477833310142159461975097656250000000000000000 0.1111111111111111049432054187491303309798240661621093750000000000000 0.2962962962962962798485477833310142159461975097656250000000000000000 0.0740740740740740699621369458327535539865493774414062500000000000000
Singular edge 73
0.2962962962962962798485477833310142159461975097656250000000000000000 0.0370370370370370349810684729163767769932746887207031250000000000000 0.2962962962962962798485477833310142159461975097656250000000000000000 0.0740740740740740699621369458327535539865493774414062500000000000000
Singular edge 74
0.3333333333333333148296162562473909929394721984863281250000000000000 0.1851851851851851749053423645818838849663734436035156250000000000000 0.3333333333333333148296162562473909929394721984863281250000000000000 0.1481481481481481399242738916655071079730987548828125000000000000000
Singular edge 75
0.4074074074074073847917532020801445469260215759277343750000000000000 0.1481481481481481399242738916655071079730987548828125000000000000000 0.4074074074074073847917532020801445469260215759277343750000000000000 0.1851851851851851749053423645818838849663734436035156250000000000000
Singular edge 76
0.3703703703703703498106847291637677699327468872070312500000000000000 0.1481481481481481399242738916655071079730987548828125000000000000000 0.3703703703703703498106847291637677699327468872070312500000000000000 0.1851851851851851749053423645818838849663734436035156250000000000000
Singular edge 77
0.3703703703703703498106847291637677699327468872070312500000000000000 0.1851851851851851749053423645818838849663734436035156250000000000000 0.3333333333333333148296162562473909929394721984863281250000000000000 0.1851851851851851749053423645818838849663734436035156250000000000000
Singular edge 78
0.3703703703703703498106847291637677699327468872070312500000000000000 0.0370370370370370349810684729163767769932746887207031250000000000000 0.3333333333333333148296162562473909929394721984863281250000000000000 0.0370370370370370349810684729163767769932746887207031250000000000000
Singular edge 79
0.3703703703703703498106847291637677699327468872070312500000000000000 0.0740740740740740699621369458327535539865493774414062500000000000000 0.4074074074074073847917532020801445469260215759277343750000000000000 0.0740740740740740699621369458327535539865493774414062500000000000000
Singular edge 80
0.3703703703703703498106847291637677699327468872070312500000000000000 0.0740740740740740699621369458327535539865493774414062500000000000000 0.3333333333333333148296162562473909929394721984863281250000000000000 0.0740740740740740699621369458327535539865493774414062500000000000000
Singular edge 81
0.3703703703703703498106847291637677699327468872070312500000000000000 0.0370370370370370349810684729163767769932746887207031250000000000000 0.3703703703703703498106847291637677699327468872070312500000000000000 0.0740740740740740699621369458327535539865493774414062500000000000000
Singular edge 82
0.4444444444444444197728216749965213239192962646484375000000000000000 0.1111111111111111049432054187491303309798240661621093750000000000000 0.4074074074074073847917532020801445469260215759277343750000000000000 0.1111111111111111049432054187491303309798240661621093750000000000000
Singular edge 83
0.4814814814814814547538901479128981009125709533691406250000000000000 0.2222222222222222098864108374982606619596481323242187500000000000000 0.4444444444444444197728216749965213239192962646484375000000000000000 0.2222222222222222098864108374982606619596481323242187500000000000000
Singular edge 84
0.4814814814814814547538901479128981009125709533691406250000000000000 0.1851851851851851749053423645818838849663734436035156250000000000000 0.4814814814814814547538901479128981009125709533691406250000000000000 0.2222222222222222098864108374982606619596481323242187500000000000000
Singular edge 85
0.4444444444444444197728216749965213239192962646484375000000000000000 0.1481481481481481399242738916655071079730987548828125000000000000000 0.4074074074074073847917532020801445469260215759277343750000000000000 0.1481481481481481399242738916655071079730987548828125000000000000000
Singular edge 86
0.4444444444444444197728216749965213239192962646484375000000000000000 0.1111111111111111049432054187491303309798240661621093750000000000000 0.4444444444444444197728216749965213239192962646484375000000000000000 0.1481481481481481399242738916655071079730987548828125000000000000000
Singular edge 87
0.5555555555555555802271783250034786760807037353515625000000000000000 0.2222222222222222098864108374982606619596481323242187500000000000000 0.5185185185185184897349586208292748779058456420898437500000000000000 0.2222222222222222098864108374982606619596481323242187500000000000000
Singular edge 88
0.4444444444444444197728216749965213239192962646484375000000000000000 0.1851851851851851749053423645818838849663734436035156250000000000000 0.4074074074074073847917532020801445469260215759277343750000000000000 0.1851851851851851749053423645818838849663734436035156250000000000000
Singular edge 89
0.4814814814814814547538901479128981009125709533691406250000000000000 0.2592592592592592448674793104146374389529228210449218750000000000000 0.4814814814814814547538901479128981009125709533691406250000000000000 0.2222222222222222098864108374982606619596481323242187500000000000000
Singular edge 90
0.4814814814814814547538901479128981009125709533691406250000000000000 0.2222222222222222098864108374982606619596481323242187500000000000000 0.5185185185185184897349586208292748779058456420898437500000000000000 0.2222222222222222098864108374982606619596481323242187500000000000000
Singular edge 91
0.4444444444444444197728216749965213239192962646484375000000000000000 0.2222222222222222098864108374982606619596481323242187500000000000000 0.4444444444444444197728216749965213239192962646484375000000000000000 0.1851851851851851749053423645818838849663734436035156250000000000000
Singular edge 92
0.5555555555555555802271783250034786760807037353515625000000000000000 0.2222222222222222098864108374982606619596481323242187500000000000000 0.5555555555555555802271783250034786760807037353515625000000000000000 0.2592592592592592448674793104146374389529228210449218750000000000000
Singular edge 93
0.5555555555555555802271783250034786760807037353515625000000000000000 0.3703703703703703498106847291637677699327468872070312500000000000000 0.5555555555555555802271783250034786760807037353515625000000000000000 0.3333333333333333148296162562473909929394721984863281250000000000000
Singular edge 94
0.5555555555555555802271783250034786760807037353515625000000000000000 0.3333333333333333148296162562473909929394721984863281250000000000000 0.5925925925925925596970955666620284318923950195312500000000000000000 0.3333333333333333148296162562473909929394721984863281250000000000000
Singular edge 95
0.5185185185185184897349586208292748779058456420898437500000000000000 0.2962962962962962798485477833310142159461975097656250000000000000000 0.5185185185185184897349586208292748779058456420898437500000000000000 0.3333333333333333148296162562473909929394721984863281250000000000000
Singular edge 96
0.5185185185185184897349586208292748779058456420898437500000000000000 0.3333333333333333148296162562473909929394721984863281250000000000000 0.4814814814814814547538901479128981009125709533691406250000000000000 0.3333333333333333148296162562473909929394721984863281250000000000000
Singular edge 97
0.5185185185185184897349586208292748779058456420898437500000000000000 0.2962962962962962798485477833310142159461975097656250000000000000000 0.4814814814814814547538901479128981009125709533691406250000000000000 0.2962962962962962798485477833310142159461975097656250000000000000000
Singular edge 98
0.5185185185185184897349586208292748779058456420898437500000000000000 0.3333333333333333148296162562473909929394721984863281250000000000000 0.5185185185185184897349586208292748779058456420898437500000000000000 0.3703703703703703498106847291637677699327468872070312500000000000000
Singular edge 99
0.5555555555555555802271783250034786760807037353515625000000000000000 0.2592592592592592448674793104146374389529228210449218750000000000000 0.5555555555555555802271783250034786760807037353515625000000000000000 0.2962962962962962798485477833310142159461975097656250000000000000000
Singular edge 100
0.5555555555555555802271783250034786760807037353515625000000000000000 0.2962962962962962798485477833310142159461975097656250000000000000000 0.5185185185185184897349586208292748779058456420898437500000000000000 0.2962962962962962798485477833310142159461975097656250000000000000000
Singular edge 101
0.4814814814814814547538901479128981009125709533691406250000000000000 0.3333333333333333148296162562473909929394721984863281250000000000000 0.4814814814814814547538901479128981009125709533691406250000000000000 0.2962962962962962798485477833310142159461975097656250000000000000000
Singular edge 102
0.4814814814814814547538901479128981009125709533691406250000000000000 0.2592592592592592448674793104146374389529228210449218750000000000000 0.4444444444444444197728216749965213239192962646484375000000000000000 0.2592592592592592448674793104146374389529228210449218750000000000000
Singular edge 103
0.4444444444444444197728216749965213239192962646484375000000000000000 0.2962962962962962798485477833310142159461975097656250000000000000000 0.4814814814814814547538901479128981009125709533691406250000000000000 0.2962962962962962798485477833310142159461975097656250000000000000000
Singular edge 104
0.4814814814814814547538901479128981009125709533691406250000000000000 0.2592592592592592448674793104146374389529228210449218750000000000000 0.4814814814814814547538901479128981009125709533691406250000000000000 0.2962962962962962798485477833310142159461975097656250000000000000000
Singular edge 105
0.4444444444444444197728216749965213239192962646484375000000000000000 0.2222222222222222098864108374982606619596481323242187500000000000000 0.4074074074074073847917532020801445469260215759277343750000000000000 0.2222222222222222098864108374982606619596481323242187500000000000000
Singular edge 106
0.4444444444444444197728216749965213239192962646484375000000000000000 0.2592592592592592448674793104146374389529228210449218750000000000000 0.4444444444444444197728216749965213239192962646484375000000000000000 0.2962962962962962798485477833310142159461975097656250000000000000000
Singular edge 107
0.5185185185185184897349586208292748779058456420898437500000000000000 0.4814814814814814547538901479128981009125709533691406250000000000000 0.4814814814814814547538901479128981009125709533691406250000000000000 0.4814814814814814547538901479128981009125709533691406250000000000000
Singular edge 108
0.5185185185185184897349586208292748779058456420898437500000000000000 0.5555555555555555802271783250034786760807037353515625000000000000000 0.5185185185185184897349586208292748779058456420898437500000000000000 0.5185185185185184897349586208292748779058456420898437500000000000000
Singular edge 109
0.5185185185185184897349586208292748779058456420898437500000000000000 0.5185185185185184897349586208292748779058456420898437500000000000000 0.5555555555555555802271783250034786760807037353515625000000000000000 0.5185185185185184897349586208292748779058456420898437500000000000000
Singular edge 110
0.4444444444444444197728216749965213239192962646484375000000000000000 0.4814814814814814547538901479128981009125709533691406250000000000000 0.4444444444444444197728216749965213239192962646484375000000000000000 0.4444444444444444197728216749965213239192962646484375000000000000000
Singular edge 111
0.4444444444444444197728216749965213239192962646484375000000000000000 0.4814814814814814547538901479128981009125709533691406250000000000000 0.4074074074074073847917532020801445469260215759277343750000000000000 0.4814814814814814547538901479128981009125709533691406250000000000000
Singular edge 112
0.4074074074074073847917532020801445469260215759277343750000000000000 0.4814814814814814547538901479128981009125709533691406250000000000000 0.4074074074074073847917532020801445469260215759277343750000000000000 0.5185185185185184897349586208292748779058456420898437500000000000000
Singular edge 113
0.4074074074074073847917532020801445469260215759277343750000000000000 0.5185185185185184897349586208292748779058456420898437500000000000000 0.4074074074074073847917532020801445469260215759277343750000000000000 0.5555555555555555802271783250034786760807037353515625000000000000000
Singular edge 114
0.4444444444444444197728216749965213239192962646484375000000000000000 0.5555555555555555802271783250034786760807037353515625000000000000000 0.4814814814814814547538901479128981009125709533691406250000000000000 0.5555555555555555802271783250034786760807037353515625000000000000000
Singular edge 115
0.4814814814814814547538901479128981009125709533691406250000000000000 0.6666666666666666296592325124947819858789443969726562500000000000000 0.4444444444444444197728216749965213239192962646484375000000000000000 0.6666666666666666296592325124947819858789443969726562500000000000000
Singular edge 116
0.4814814814814814547538901479128981009125709533691406250000000000000 0.6296296296296296501893152708362322300672531127929687500000000000000 0.4814814814814814547538901479128981009125709533691406250000000000000 0.6666666666666666296592325124947819858789443969726562500000000000000
Singular edge 117
0.5185185185185184897349586208292748779058456420898437500000000000000 0.7037037037037037201514522166689857840538024902343750000000000000000 0.5185185185185184897349586208292748779058456420898437500000000000000 0.7407407407407406996213694583275355398654937744140625000000000000000
Singular edge 118
0.5185185185185184897349586208292748779058456420898437500000000000000 0.7407407407407406996213694583275355398654937744140625000000000000000 0.4814814814814814547538901479128981009125709533691406250000000000000 0.7407407407407406996213694583275355398654937744140625000000000000000
Singular edge 119
0.4814814814814814547538901479128981009125709533691406250000000000000 0.7037037037037037201514522166689857840538024902343750000000000000000 0.4814814814814814547538901479128981009125709533691406250000000000000 0.6666666666666666296592325124947819858789443969726562500000000000000
Singular edge 120
0.4814814814814814547538901479128981009125709533691406250000000000000 0.6666666666666666296592325124947819858789443969726562500000000000000 0.5185185185185184897349586208292748779058456420898437500000000000000 0.6666666666666666296592325124947819858789443969726562500000000000000
Singular edge 121
0.4814814814814814547538901479128981009125709533691406250000000000000 0.5555555555555555802271783250034786760807037353515625000000000000000 0.4814814814814814547538901479128981009125709533691406250000000000000 0.5185185185185184897349586208292748779058456420898437500000000000000
Singular edge 122
0.4814814814814814547538901479128981009125709533691406250000000000000 0.5185185185185184897349586208292748779058456420898437500000000000000 0.5185185185185184897349586208292748779058456420898437500000000000000 0.5185185185185184897349586208292748779058456420898437500000000000000
Singular edge 123
0.5555555555555555802271783250034786760807037353515625000000000000000 0.5185185185185184897349586208292748779058456420898437500000000000000 0.5555555555555555802271783250034786760807037353515625000000000000000 0.4814814814814814547538901479128981009125709533691406250000000000000
Singular edge 124
0.4814814814814814547538901479128981009125709533691406250000000000000 0.5925925925925925596970955666620284318923950195312500000000000000000 0.4814814814814814547538901479128981009125709533691406250000000000000 0.6296296296296296501893152708362322300672531127929687500000000000000
Singular edge 125
0.5185185185185184897349586208292748779058456420898437500000000000000 0.6666666666666666296592325124947819858789443969726562500000000000000 0.5185185185185184897349586208292748779058456420898437500000000000000 0.7037037037037037201514522166689857840538024902343750000000000000000
Singular edge 126
0.5555555555555555802271783250034786760807037353515625000000000000000 0.6666666666666666296592325124947819858789443969726562500000000000000 0.5555555555555555802271783250034786760807037353515625000000000000000 0.7037037037037037201514522166689857840538024902343750000000000000000
Singular edge 127
0.5555555555555555802271783250034786760807037353515625000000000000000 0.7037037037037037201514522166689857840538024902343750000000000000000 0.5185185185185184897349586208292748779058456420898437500000000000000 0.7037037037037037201514522166689857840538024902343750000000000000000
Regular edge 9
0.5555555555555555802271783250034786760807037353515625000000000000000 0.7037037037037037201514522166689857840538024902343750000000000000000 0.5555555555555555802271783250034786760807037353515625000000000000000 0.7407407407407406996213694583275355398654937744140625000000000000000
Singular edge 128
0.5555555555555555802271783250034786760807037353515625000000000000000 0.7407407407407406996213694583275355398654937744140625000000000000000 0.5185185185185184897349586208292748779058456420898437500000000000000 0.7407407407407406996213694583275355398654937744140625000000000000000
Singular edge 129
0.4814814814814814547538901479128981009125709533691406250000000000000 0.6296296296296296501893152708362322300672531127929687500000000000000 0.5185185185185184897349586208292748779058456420898437500000000000000 0.6296296296296296501893152708362322300672531127929687500000000000000
Singular edge 130
0.4814814814814814547538901479128981009125709533691406250000000000000 0.5555555555555555802271783250034786760807037353515625000000000000000 0.5185185185185184897349586208292748779058456420898437500000000000000 0.5555555555555555802271783250034786760807037353515625000000000000000
Singular edge 131
0.5185185185185184897349586208292748779058456420898437500000000000000 0.5185185185185184897349586208292748779058456420898437500000000000000 0.5185185185185184897349586208292748779058456420898437500000000000000 0.4814814814814814547538901479128981009125709533691406250000000000000
Singular edge 132
0.5185185185185184897349586208292748779058456420898437500000000000000 0.4814814814814814547538901479128981009125709533691406250000000000000 0.5555555555555555802271783250034786760807037353515625000000000000000 0.4814814814814814547538901479128981009125709533691406250000000000000
Singular edge 133
0.4814814814814814547538901479128981009125709533691406250000000000000 0.4814814814814814547538901479128981009125709533691406250000000000000 0.4814814814814814547538901479128981009125709533691406250000000000000 0.5185185185185184897349586208292748779058456420898437500000000000000
Singular edge 134
0.4814814814814814547538901479128981009125709533691406250000000000000 0.4444444444444444197728216749965213239192962646484375000000000000000 0.5185185185185184897349586208292748779058456420898437500000000000000 0.4444444444444444197728216749965213239192962646484375000000000000000
Singular edge 135
0.5555555555555555802271783250034786760807037353515625000000000000000 0.4444444444444444197728216749965213239192962646484375000000000000000 0.5555555555555555802271783250034786760807037353515625000000000000000 0.4074074074074073847917532020801445469260215759277343750000000000000
Singular edge 136
0.5555555555555555802271783250034786760807037353515625000000000000000 0.4074074074074073847917532020801445469260215759277343750000000000000 0.5925925925925925596970955666620284318923950195312500000000000000000 0.4074074074074073847917532020801445469260215759277343750000000000000
Singular edge 137
0.5185185185185184897349586208292748779058456420898437500000000000000 0.3703703703703703498106847291637677699327468872070312500000000000000 0.5185185185185184897349586208292748779058456420898437500000000000000 0.4074074074074073847917532020801445469260215759277343750000000000000
Singular edge 138
0.5185185185185184897349586208292748779058456420898437500000000000000 0.3703703703703703498106847291637677699327468872070312500000000000000 0.5555555555555555802271783250034786760807037353515625000000000000000 0.3703703703703703498106847291637677699327468872070312500000000000000
Singular edge 139
0.5925925925925925596970955666620284318923950195312500000000000000000 0.5185185185185184897349586208292748779058456420898437500000000000000 0.5925925925925925596970955666620284318923950195312500000000000000000 0.5555555555555555802271783250034786760807037353515625000000000000000
Regular edge 10
0.5925925925925925596970955666620284318923950195312500000000000000000 0.5925925925925925596970955666620284318923950195312500000000000000000 0.5925925925925925596970955666620284318923950195312500000000000000000 0.5555555555555555802271783250034786760807037353515625000000000000000
Singular edge 140
0.5925925925925925596970955666620284318923950195312500000000000000000 0.5555555555555555802271783250034786760807037353515625000000000000000 0.6296296296296296501893152708362322300672531127929687500000000000000 0.5555555555555555802271783250034786760807037353515625000000000000000
Regular edge 11
0.5925925925925925596970955666620284318923950195312500000000000000000 0.5925925925925925596970955666620284318923950195312500000000000000000 0.5555555555555555802271783250034786760807037353515625000000000000000 0.5925925925925925596970955666620284318923950195312500000000000000000
Regular edge 12
0.6296296296296296501893152708362322300672531127929687500000000000000 0.5555555555555555802271783250034786760807037353515625000000000000000 0.6296296296296296501893152708362322300672531127929687500000000000000 0.5925925925925925596970955666620284318923950195312500000000000000000
Singular edge 141
0.6296296296296296501893152708362322300672531127929687500000000000000 0.5925925925925925596970955666620284318923950195312500000000000000000 0.5925925925925925596970955666620284318923950195312500000000000000000 0.5925925925925925596970955666620284318923950195312500000000000000000
Regular edge 13
0.6666666666666666296592325124947819858789443969726562500000000000000 0.6666666666666666296592325124947819858789443969726562500000000000000 0.6296296296296296501893152708362322300672531127929687500000000000000 0.6666666666666666296592325124947819858789443969726562500000000000000
Regular edge 14
0.6666666666666666296592325124947819858789443969726562500000000000000 0.6296296296296296501893152708362322300672531127929687500000000000000 0.6666666666666666296592325124947819858789443969726562500000000000000 0.6666666666666666296592325124947819858789443969726562500000000000000
Singular edge 142
0.5925925925925925596970955666620284318923950195312500000000000000000 0.7407407407407406996213694583275355398654937744140625000000000000000 0.6296296296296296501893152708362322300672531127929687500000000000000 0.7407407407407406996213694583275355398654937744140625000000000000000
Singular edge 143
0.5925925925925925596970955666620284318923950195312500000000000000000 0.6296296296296296501893152708362322300672531127929687500000000000000 0.5925925925925925596970955666620284318923950195312500000000000000000 0.5925925925925925596970955666620284318923950195312500000000000000000
Regular edge 15
0.5555555555555555802271783250034786760807037353515625000000000000000 0.6296296296296296501893152708362322300672531127929687500000000000000 0.5925925925925925596970955666620284318923950195312500000000000000000 0.6296296296296296501893152708362322300672531127929687500000000000000
Regular edge 16
0.5555555555555555802271783250034786760807037353515625000000000000000 0.6666666666666666296592325124947819858789443969726562500000000000000 0.5925925925925925596970955666620284318923950195312500000000000000000 0.6666666666666666296592325124947819858789443969726562500000000000000
Regular edge 17
0.5925925925925925596970955666620284318923950195312500000000000000000 0.7037037037037037201514522166689857840538024902343750000000000000000 0.5925925925925925596970955666620284318923950195312500000000000000000 0.7407407407407406996213694583275355398654937744140625000000000000000
Regular edge 18
0.5925925925925925596970955666620284318923950195312500000000000000000 0.7407407407407406996213694583275355398654937744140625000000000000000 0.5555555555555555802271783250034786760807037353515625000000000000000 0.7407407407407406996213694583275355398654937744140625000000000000000
Singular edge 144
0.5925925925925925596970955666620284318923950195312500000000000000000 0.6666666666666666296592325124947819858789443969726562500000000000000 0.6296296296296296501893152708362322300672531127929687500000000000000 0.6666666666666666296592325124947819858789443969726562500000000000000
Singular edge 145
0.5925925925925925596970955666620284318923950195312500000000000000000 0.7037037037037037201514522166689857840538024902343750000000000000000 0.6296296296296296501893152708362322300672531127929687500000000000000 0.7037037037037037201514522166689857840538024902343750000000000000000
Regular edge 19
0.6296296296296296501893152708362322300672531127929687500000000000000 0.5555555555555555802271783250034786760807037353515625000000000000000 0.6666666666666666296592325124947819858789443969726562500000000000000 0.5555555555555555802271783250034786760807037353515625000000000000000
Singular edge 146
0.6296296296296296501893152708362322300672531127929687500000000000000 0.6666666666666666296592325124947819858789443969726562500000000000000 0.6296296296296296501893152708362322300672531127929687500000000000000 0.7037037037037037201514522166689857840538024902343750000000000000000
Singular edge 147
0.5925925925925925596970955666620284318923950195312500000000000000000 0.6296296296296296501893152708362322300672531127929687500000000000000 0.6296296296296296501893152708362322300672531127929687500000000000000 0.6296296296296296501893152708362322300672531127929687500000000000000
Regular edge 20
0.5925925925925925596970955666620284318923950195312500000000000000000 0.6666666666666666296592325124947819858789443969726562500000000000000 0.5925925925925925596970955666620284318923950195312500000000000000000 0.6296296296296296501893152708362322300672531127929687500000000000000
Singular edge 148
0.6296296296296296501893152708362322300672531127929687500000000000000 0.6296296296296296501893152708362322300672531127929687500000000000000 0.6296296296296296501893152708362322300672531127929687500000000000000 0.5925925925925925596970955666620284318923950195312500000000000000000
Singular edge 149
0.7037037037037037201514522166689857840538024902343750000000000000000 0.7037037037037037201514522166689857840538024902343750000000000000000 0.7037037037037037201514522166689857840538024902343750000000000000000 0.6666666666666666296592325124947819858789443969726562500000000000000
Regular edge 21
0.6296296296296296501893152708362322300672531127929687500000000000000 0.7407407407407406996213694583275355398654937744140625000000000000000 0.6666666666666666296592325124947819858789443969726562500000000000000 0.7407407407407406996213694583275355398654937744140625000000000000000
Regular edge 22
0.6666666666666666296592325124947819858789443969726562500000000000000 0.7037037037037037201514522166689857840538024902343750000000000000000 0.6666666666666666296592325124947819858789443969726562500000000000000 0.7407407407407406996213694583275355398654937744140625000000000000000
Singular edge 150
0.6666666666666666296592325124947819858789443969726562500000000000000 0.7037037037037037201514522166689857840538024902343750000000000000000 0.7037037037037037201514522166689857840538024902343750000000000000000 0.7037037037037037201514522166689857840538024902343750000000000000000
Singular edge 151
0.6666666666666666296592325124947819858789443969726562500000000000000 0.6666666666666666296592325124947819858789443969726562500000000000000 0.6666666666666666296592325124947819858789443969726562500000000000000 0.7037037037037037201514522166689857840538024902343750000000000000000
Singular edge 152
0.6666666666666666296592325124947819858789443969726562500000000000000 0.6666666666666666296592325124947819858789443969726562500000000000000 0.7037037037037037201514522166689857840538024902343750000000000000000 0.6666666666666666296592325124947819858789443969726562500000000000000
Singular edge 153
0.7037037037037037201514522166689857840538024902343750000000000000000 0.6666666666666666296592325124947819858789443969726562500000000000000 0.7037037037037037201514522166689857840538024902343750000000000000000 0.6296296296296296501893152708362322300672531127929687500000000000000
Singular edge 154
0.7037037037037037201514522166689857840538024902343750000000000000000 0.6296296296296296501893152708362322300672531127929687500000000000000 0.7037037037037037201514522166689857840538024902343750000000000000000 0.5925925925925925596970955666620284318923950195312500000000000000000
Regular edge 23
0.6666666666666666296592325124947819858789443969726562500000000000000 0.6296296296296296501893152708362322300672531127929687500000000000000 0.6296296296296296501893152708362322300672531127929687500000000000000 0.6296296296296296501893152708362322300672531127929687500000000000000
Singular edge 155
0.6666666666666666296592325124947819858789443969726562500000000000000 0.5925925925925925596970955666620284318923950195312500000000000000000 0.6666666666666666296592325124947819858789443969726562500000000000000 0.6296296296296296501893152708362322300672531127929687500000000000000
Singular edge 156
0.6666666666666666296592325124947819858789443969726562500000000000000 0.6296296296296296501893152708362322300672531127929687500000000000000 0.7037037037037037201514522166689857840538024902343750000000000000000 0.6296296296296296501893152708362322300672531127929687500000000000000
Regular edge 24
0.6296296296296296501893152708362322300672531127929687500000000000000 0.6666666666666666296592325124947819858789443969726562500000000000000 0.6296296296296296501893152708362322300672531127929687500000000000000 0.6296296296296296501893152708362322300672531127929687500000000000000
Singular edge 157
0.7037037037037037201514522166689857840538024902343750000000000000000 0.5185185185185184897349586208292748779058456420898437500000000000000 0.7037037037037037201514522166689857840538024902343750000000000000000 0.5555555555555555802271783250034786760807037353515625000000000000000
Singular edge 158
0.7037037037037037201514522166689857840538024902343750000000000000000 0.5555555555555555802271783250034786760807037353515625000000000000000 0.6666666666666666296592325124947819858789443969726562500000000000000 0.5555555555555555802271783250034786760807037353515625000000000000000
Singular edge 159
0.6666666666666666296592325124947819858789443969726562500000000000000 0.5925925925925925596970955666620284318923950195312500000000000000000 0.7037037037037037201514522166689857840538024902343750000000000000000 0.5925925925925925596970955666620284318923950195312500000000000000000
Singular edge 160
0.7037037037037037201514522166689857840538024902343750000000000000000 0.5925925925925925596970955666620284318923950195312500000000000000000 0.7037037037037037201514522166689857840538024902343750000000000000000 0.5555555555555555802271783250034786760807037353515625000000000000000
Singular edge 161
0.6666666666666666296592325124947819858789443969726562500000000000000 0.5185185185185184897349586208292748779058456420898437500000000000000 0.7037037037037037201514522166689857840538024902343750000000000000000 0.5185185185185184897349586208292748779058456420898437500000000000000
Singular edge 162
0.6666666666666666296592325124947819858789443969726562500000000000000 0.5555555555555555802271783250034786760807037353515625000000000000000 0.6666666666666666296592325124947819858789443969726562500000000000000 0.5185185185185184897349586208292748779058456420898437500000000000000
Singular edge 163
0.6666666666666666296592325124947819858789443969726562500000000000000 0.4074074074074073847917532020801445469260215759277343750000000000000 0.6666666666666666296592325124947819858789443969726562500000000000000 0.4444444444444444197728216749965213239192962646484375000000000000000
Singular edge 164
0.6666666666666666296592325124947819858789443969726562500000000000000 0.4444444444444444197728216749965213239192962646484375000000000000000 0.6296296296296296501893152708362322300672531127929687500000000000000 0.4444444444444444197728216749965213239192962646484375000000000000000
Singular edge 165
0.7037037037037037201514522166689857840538024902343750000000000000000 0.4814814814814814547538901479128981009125709533691406250000000000000 0.7037037037037037201514522166689857840538024902343750000000000000000 0.4444444444444444197728216749965213239192962646484375000000000000000
Singular edge 166
0.6296296296296296501893152708362322300672531127929687500000000000000 0.3333333333333333148296162562473909929394721984863281250000000000000 0.6296296296296296501893152708362322300672531127929687500000000000000 0.3703703703703703498106847291637677699327468872070312500000000000000
Singular edge 167
0.6296296296296296501893152708362322300672531127929687500000000000000 0.3703703703703703498106847291637677699327468872070312500000000000000 0.5925925925925925596970955666620284318923950195312500000000000000000 0.3703703703703703498106847291637677699327468872070312500000000000000
Singular edge 168
0.7037037037037037201514522166689857840538024902343750000000000000000 0.4814814814814814547538901479128981009125709533691406250000000000000 0.6666666666666666296592325124947819858789443969726562500000000000000 0.4814814814814814547538901479128981009125709533691406250000000000000
Singular edge 169
0.6296296296296296501893152708362322300672531127929687500000000000000 0.5185185185185184897349586208292748779058456420898437500000000000000 0.6296296296296296501893152708362322300672531127929687500000000000000 0.5555555555555555802271783250034786760807037353515625000000000000000
Singular edge 170
0.5925925925925925596970955666620284318923950195312500000000000000000 0.5185185185185184897349586208292748779058456420898437500000000000000 0.5925925925925925596970955666620284318923950195312500000000000000000 0.4814814814814814547538901479128981009125709533691406250000000000000
Singular edge 171
0.5925925925925925596970955666620284318923950195312500000000000000000 0.4814814814814814547538901479128981009125709533691406250000000000000 0.6296296296296296501893152708362322300672531127929687500000000000000 0.4814814814814814547538901479128981009125709533691406250000000000000
Singular edge 172
0.5925925925925925596970955666620284318923950195312500000000000000000 0.5185185185185184897349586208292748779058456420898437500000000000000 0.5555555555555555802271783250034786760807037353515625000000000000000 0.5185185185185184897349586208292748779058456420898437500000000000000
Singular edge 173
0.5925925925925925596970955666620284318923950195312500000000000000000 0.5185185185185184897349586208292748779058456420898437500000000000000 0.6296296296296296501893152708362322300672531127929687500000000000000 0.5185185185185184897349586208292748779058456420898437500000000000000
Singular edge 174
0.5555555555555555802271783250034786760807037353515625000000000000000 0.4814814814814814547538901479128981009125709533691406250000000000000 0.5555555555555555802271783250034786760807037353515625000000000000000 0.4444444444444444197728216749965213239192962646484375000000000000000
Singular edge 175
0.6296296296296296501893152708362322300672531127929687500000000000000 0.4444444444444444197728216749965213239192962646484375000000000000000 0.6296296296296296501893152708362322300672531127929687500000000000000 0.4814814814814814547538901479128981009125709533691406250000000000000
Singular edge 176
0.6666666666666666296592325124947819858789443969726562500000000000000 0.4444444444444444197728216749965213239192962646484375000000000000000 0.6666666666666666296592325124947819858789443969726562500000000000000 0.4814814814814814547538901479128981009125709533691406250000000000000
Singular edge 177
0.6666666666666666296592325124947819858789443969726562500000000000000 0.4444444444444444197728216749965213239192962646484375000000000000000 0.7037037037037037201514522166689857840538024902343750000000000000000 0.4444444444444444197728216749965213239192962646484375000000000000000
Singular edge 178
0.5925925925925925596970955666620284318923950195312500000000000000000 0.4444444444444444197728216749965213239192962646484375000000000000000 0.6296296296296296501893152708362322300672531127929687500000000000000 0.4444444444444444197728216749965213239192962646484375000000000000000
Singular edge 179
0.5925925925925925596970955666620284318923950195312500000000000000000 0.4074074074074073847917532020801445469260215759277343750000000000000 0.5925925925925925596970955666620284318923950195312500000000000000000 0.3703703703703703498106847291637677699327468872070312500000000000000
Singular edge 180
0.5555555555555555802271783250034786760807037353515625000000000000000 0.2962962962962962798485477833310142159461975097656250000000000000000 0.5555555555555555802271783250034786760807037353515625000000000000000 0.3333333333333333148296162562473909929394721984863281250000000000000
Singular edge 181
0.5555555555555555802271783250034786760807037353515625000000000000000 0.2962962962962962798485477833310142159461975097656250000000000000000 0.5925925925925925596970955666620284318923950195312500000000000000000 0.2962962962962962798485477833310142159461975097656250000000000000000
Singular edge 182
0.6666666666666666296592325124947819858789443969726562500000000000000 0.3703703703703703498106847291637677699327468872070312500000000000000 0.6666666666666666296592325124947819858789443969726562500000000000000 0.4074074074074073847917532020801445469260215759277343750000000000000
Singular edge 183
0.6296296296296296501893152708362322300672531127929687500000000000000 0.3703703703703703498106847291637677699327468872070312500000000000000 0.6666666666666666296592325124947819858789443969726562500000000000000 0.3703703703703703498106847291637677699327468872070312500000000000000
Triangles: 12
Regular Edges: 24
Singular Edges: 183
------------------------------------------
