------------------------------------------
Triangles: 0
Regular Edges: 0
Singular Edges: 0
------------------------------------------
------------------------------------------
Triangles: 0
Regular Edges: 0
Singular Edges: 0
------------------------------------------
------------------------------------------
Triangle 1
0.4814814814814814547538901479128981009125709533691406250000000000000 0.1481481481481481399242738916655071079730987548828125000000000000000 0.4444444444444444197728216749965213239192962646484375000000000000000 0.1481481481481481399242738916655071079730987548828125000000000000000 0.4814814814814814547538901479128981009125709533691406250000000000000 0.1111111111111111049432054187491303309798240661621093750000000000000
Triangle 2
0.3703703703703703498106847291637677699327468872070312500000000000000 0.1111111111111111049432054187491303309798240661621093750000000000000 0.3703703703703703498106847291637677699327468872070312500000000000000 0.0740740740740740699621369458327535539865493774414062500000000000000 0.4074074074074073847917532020801445469260215759277343750000000000000 0.0740740740740740699621369458327535539865493774414062500000000000000
Triangle 3
0.5925925925925925596970955666620284318923950195312500000000000000000 0.3703703703703703498106847291637677699327468872070312500000000000000 0.5925925925925925596970955666620284318923950195312500000000000000000 0.4074074074074073847917532020801445469260215759277343750000000000000 0.5555555555555555802271783250034786760807037353515625000000000000000 0.4074074074074073847917532020801445469260215759277343750000000000000
Triangle 4
0.3703703703703703498106847291637677699327468872070312500000000000000 0.6666666666666666296592325124947819858789443969726562500000000000000 0.3703703703703703498106847291637677699327468872070312500000000000000 0.7037037037037037201514522166689857840538024902343750000000000000000 0.3333333333333333148296162562473909929394721984863281250000000000000 0.7037037037037037201514522166689857840538024902343750000000000000000
Triangle 5
0.4444444444444444197728216749965213239192962646484375000000000000000 0.0370370370370370349810684729163767769932746887207031250000000000000 0.4444444444444444197728216749965213239192962646484375000000000000000 0.0740740740740740699621369458327535539865493774414062500000000000000 0.4074074074074073847917532020801445469260215759277343750000000000000 0.0740740740740740699621369458327535539865493774414062500000000000000
Triangle 6
0.6296296296296296501893152708362322300672531127929687500000000000000 0.7037037037037037201514522166689857840538024902343750000000000000000 0.6296296296296296501893152708362322300672531127929687500000000000000 0.6666666666666666296592325124947819858789443969726562500000000000000 0.6666666666666666296592325124947819858789443969726562500000000000000 0.6666666666666666296592325124947819858789443969726562500000000000000
Triangle 7
0.4444444444444444197728216749965213239192962646484375000000000000000 0.1111111111111111049432054187491303309798240661621093750000000000000 0.4444444444444444197728216749965213239192962646484375000000000000000 0.1481481481481481399242738916655071079730987548828125000000000000000 0.4074074074074073847917532020801445469260215759277343750000000000000 0.1481481481481481399242738916655071079730987548828125000000000000000
Triangle 8
0.6666666666666666296592325124947819858789443969726562500000000000000 0.6296296296296296501893152708362322300672531127929687500000000000000 0.6666666666666666296592325124947819858789443969726562500000000000000 0.5925925925925925596970955666620284318923950195312500000000000000000 0.7037037037037037201514522166689857840538024902343750000000000000000 0.5925925925925925596970955666620284318923950195312500000000000000000
Triangle 9
0.4814814814814814547538901479128981009125709533691406250000000000000 0.2592592592592592448674793104146374389529228210449218750000000000000 0.5185185185185184897349586208292748779058456420898437500000000000000 0.2592592592592592448674793104146374389529228210449218750000000000000 0.4814814814814814547538901479128981009125709533691406250000000000000 0.2962962962962962798485477833310142159461975097656250000000000000000
Triangle 10
0.4074074074074073847917532020801445469260215759277343750000000000000 0.0740740740740740699621369458327535539865493774414062500000000000000 0.4074074074074073847917532020801445469260215759277343750000000000000 0.0370370370370370349810684729163767769932746887207031250000000000000 0.4444444444444444197728216749965213239192962646484375000000000000000 0.0370370370370370349810684729163767769932746887207031250000000000000
Triangle 11
0.5555555555555555802271783250034786760807037353515625000000000000000 0.1851851851851851749053423645818838849663734436035156250000000000000 0.5555555555555555802271783250034786760807037353515625000000000000000 0.2222222222222222098864108374982606619596481323242187500000000000000 0.5185185185185184897349586208292748779058456420898437500000000000000 0.2222222222222222098864108374982606619596481323242187500000000000000
Triangle 12
0.5185185185185184897349586208292748779058456420898437500000000000000 0.1851851851851851749053423645818838849663734436035156250000000000000 0.4814814814814814547538901479128981009125709533691406250000000000000 0.1851851851851851749053423645818838849663734436035156250000000000000 0.5185185185185184897349586208292748779058456420898437500000000000000 0.1481481481481481399242738916655071079730987548828125000000000000000
Triangle 13
0.5555555555555555802271783250034786760807037353515625000000000000000 0.1851851851851851749053423645818838849663734436035156250000000000000 0.5185185185185184897349586208292748779058456420898437500000000000000 0.1851851851851851749053423645818838849663734436035156250000000000000 0.5185185185185184897349586208292748779058456420898437500000000000000 0.1481481481481481399242738916655071079730987548828125000000000000000
Triangle 14
0.6296296296296296501893152708362322300672531127929687500000000000000 0.5555555555555555802271783250034786760807037353515625000000000000000 0.5925925925925925596970955666620284318923950195312500000000000000000 0.4814814814814814547538901479128981009125709533691406250000000000000 0.6296296296296296501893152708362322300672531127929687500000000000000 0.5185185185185184897349586208292748779058456420898437500000000000000
Triangle 15
0.4814814814814814547538901479128981009125709533691406250000000000000 0.2592592592592592448674793104146374389529228210449218750000000000000 0.4444444444444444197728216749965213239192962646484375000000000000000 0.2592592592592592448674793104146374389529228210449218750000000000000 0.4814814814814814547538901479128981009125709533691406250000000000000 0.2222222222222222098864108374982606619596481323242187500000000000000
Triangle 16
0.3703703703703703498106847291637677699327468872070312500000000000000 0.1111111111111111049432054187491303309798240661621093750000000000000 0.4074074074074073847917532020801445469260215759277343750000000000000 0.1111111111111111049432054187491303309798240661621093750000000000000 0.4074074074074073847917532020801445469260215759277343750000000000000 0.1481481481481481399242738916655071079730987548828125000000000000000
Triangle 17
0.5925925925925925596970955666620284318923950195312500000000000000000 0.4814814814814814547538901479128981009125709533691406250000000000000 0.4814814814814814547538901479128981009125709533691406250000000000000 0.6296296296296296501893152708362322300672531127929687500000000000000 0.4444444444444444197728216749965213239192962646484375000000000000000 0.6296296296296296501893152708362322300672531127929687500000000000000
Triangle 18
0.4444444444444444197728216749965213239192962646484375000000000000000 0.1851851851851851749053423645818838849663734436035156250000000000000 0.4444444444444444197728216749965213239192962646484375000000000000000 0.1481481481481481399242738916655071079730987548828125000000000000000 0.4814814814814814547538901479128981009125709533691406250000000000000 0.1481481481481481399242738916655071079730987548828125000000000000000
Triangle 19
0.5185185185185184897349586208292748779058456420898437500000000000000 0.2222222222222222098864108374982606619596481323242187500000000000000 0.5555555555555555802271783250034786760807037353515625000000000000000 0.2222222222222222098864108374982606619596481323242187500000000000000 0.5185185185185184897349586208292748779058456420898437500000000000000 0.2592592592592592448674793104146374389529228210449218750000000000000
Triangle 20
0.5185185185185184897349586208292748779058456420898437500000000000000 0.6666666666666666296592325124947819858789443969726562500000000000000 0.5185185185185184897349586208292748779058456420898437500000000000000 0.6296296296296296501893152708362322300672531127929687500000000000000 0.5555555555555555802271783250034786760807037353515625000000000000000 0.6296296296296296501893152708362322300672531127929687500000000000000
Triangle 21
0.5925925925925925596970955666620284318923950195312500000000000000000 0.3333333333333333148296162562473909929394721984863281250000000000000 0.5555555555555555802271783250034786760807037353515625000000000000000 0.3703703703703703498106847291637677699327468872070312500000000000000 0.5555555555555555802271783250034786760807037353515625000000000000000 0.3333333333333333148296162562473909929394721984863281250000000000000
Triangle 22
0.6666666666666666296592325124947819858789443969726562500000000000000 0.6296296296296296501893152708362322300672531127929687500000000000000 0.6296296296296296501893152708362322300672531127929687500000000000000 0.6296296296296296501893152708362322300672531127929687500000000000000 0.6666666666666666296592325124947819858789443969726562500000000000000 0.5925925925925925596970955666620284318923950195312500000000000000000
Triangle 23
0.5185185185185184897349586208292748779058456420898437500000000000000 0.1111111111111111049432054187491303309798240661621093750000000000000 0.5555555555555555802271783250034786760807037353515625000000000000000 0.1851851851851851749053423645818838849663734436035156250000000000000 0.5185185185185184897349586208292748779058456420898437500000000000000 0.1481481481481481399242738916655071079730987548828125000000000000000
Triangle 24
0.7037037037037037201514522166689857840538024902343750000000000000000 0.5555555555555555802271783250034786760807037353515625000000000000000 0.7407407407407406996213694583275355398654937744140625000000000000000 0.5555555555555555802271783250034786760807037353515625000000000000000 0.7037037037037037201514522166689857840538024902343750000000000000000 0.5925925925925925596970955666620284318923950195312500000000000000000
Triangle 25
0.5925925925925925596970955666620284318923950195312500000000000000000 0.6296296296296296501893152708362322300672531127929687500000000000000 0.6296296296296296501893152708362322300672531127929687500000000000000 0.5555555555555555802271783250034786760807037353515625000000000000000 0.6296296296296296501893152708362322300672531127929687500000000000000 0.6296296296296296501893152708362322300672531127929687500000000000000
Triangle 26
0.7037037037037037201514522166689857840538024902343750000000000000000 0.5555555555555555802271783250034786760807037353515625000000000000000 0.7037037037037037201514522166689857840538024902343750000000000000000 0.5925925925925925596970955666620284318923950195312500000000000000000 0.6666666666666666296592325124947819858789443969726562500000000000000 0.5925925925925925596970955666620284318923950195312500000000000000000
Triangle 27
0.7037037037037037201514522166689857840538024902343750000000000000000 0.6296296296296296501893152708362322300672531127929687500000000000000 0.6666666666666666296592325124947819858789443969726562500000000000000 0.6296296296296296501893152708362322300672531127929687500000000000000 0.7037037037037037201514522166689857840538024902343750000000000000000 0.5925925925925925596970955666620284318923950195312500000000000000000
Triangle 28
0.7407407407407406996213694583275355398654937744140625000000000000000 0.6666666666666666296592325124947819858789443969726562500000000000000 0.7037037037037037201514522166689857840538024902343750000000000000000 0.6666666666666666296592325124947819858789443969726562500000000000000 0.7407407407407406996213694583275355398654937744140625000000000000000 0.6296296296296296501893152708362322300672531127929687500000000000000
Triangle 29
0.7407407407407406996213694583275355398654937744140625000000000000000 0.5925925925925925596970955666620284318923950195312500000000000000000 0.7037037037037037201514522166689857840538024902343750000000000000000 0.6296296296296296501893152708362322300672531127929687500000000000000 0.7037037037037037201514522166689857840538024902343750000000000000000 0.5925925925925925596970955666620284318923950195312500000000000000000
Triangle 30
0.7407407407407406996213694583275355398654937744140625000000000000000 0.7037037037037037201514522166689857840538024902343750000000000000000 0.7407407407407406996213694583275355398654937744140625000000000000000 0.6666666666666666296592325124947819858789443969726562500000000000000 0.7777777777777777901135891625017393380403518676757812500000000000000 0.6666666666666666296592325124947819858789443969726562500000000000000
Triangle 31
0.7037037037037037201514522166689857840538024902343750000000000000000 0.6666666666666666296592325124947819858789443969726562500000000000000 0.6666666666666666296592325124947819858789443969726562500000000000000 0.6666666666666666296592325124947819858789443969726562500000000000000 0.7037037037037037201514522166689857840538024902343750000000000000000 0.6296296296296296501893152708362322300672531127929687500000000000000
Triangle 32
0.7777777777777777901135891625017393380403518676757812500000000000000 0.6666666666666666296592325124947819858789443969726562500000000000000 0.7407407407407406996213694583275355398654937744140625000000000000000 0.6666666666666666296592325124947819858789443969726562500000000000000 0.7777777777777777901135891625017393380403518676757812500000000000000 0.6296296296296296501893152708362322300672531127929687500000000000000
Triangle 33
0.7407407407407406996213694583275355398654937744140625000000000000000 0.5555555555555555802271783250034786760807037353515625000000000000000 0.7777777777777777901135891625017393380403518676757812500000000000000 0.5925925925925925596970955666620284318923950195312500000000000000000 0.7407407407407406996213694583275355398654937744140625000000000000000 0.5925925925925925596970955666620284318923950195312500000000000000000
Triangle 34
0.7407407407407406996213694583275355398654937744140625000000000000000 0.6296296296296296501893152708362322300672531127929687500000000000000 0.7037037037037037201514522166689857840538024902343750000000000000000 0.6296296296296296501893152708362322300672531127929687500000000000000 0.7407407407407406996213694583275355398654937744140625000000000000000 0.5925925925925925596970955666620284318923950195312500000000000000000
Triangle 35
0.6666666666666666296592325124947819858789443969726562500000000000000 0.5555555555555555802271783250034786760807037353515625000000000000000 0.7037037037037037201514522166689857840538024902343750000000000000000 0.5555555555555555802271783250034786760807037353515625000000000000000 0.6666666666666666296592325124947819858789443969726562500000000000000 0.5925925925925925596970955666620284318923950195312500000000000000000
Triangle 36
0.7037037037037037201514522166689857840538024902343750000000000000000 0.5185185185185184897349586208292748779058456420898437500000000000000 0.7037037037037037201514522166689857840538024902343750000000000000000 0.4814814814814814547538901479128981009125709533691406250000000000000 0.7407407407407406996213694583275355398654937744140625000000000000000 0.5185185185185184897349586208292748779058456420898437500000000000000
Triangle 37
0.5925925925925925596970955666620284318923950195312500000000000000000 0.4444444444444444197728216749965213239192962646484375000000000000000 0.6296296296296296501893152708362322300672531127929687500000000000000 0.4074074074074073847917532020801445469260215759277343750000000000000 0.6296296296296296501893152708362322300672531127929687500000000000000 0.4444444444444444197728216749965213239192962646484375000000000000000
Triangle 38
0.6666666666666666296592325124947819858789443969726562500000000000000 0.4444444444444444197728216749965213239192962646484375000000000000000 0.6666666666666666296592325124947819858789443969726562500000000000000 0.4074074074074073847917532020801445469260215759277343750000000000000 0.7037037037037037201514522166689857840538024902343750000000000000000 0.4444444444444444197728216749965213239192962646484375000000000000000
Triangle 39
0.6296296296296296501893152708362322300672531127929687500000000000000 0.4444444444444444197728216749965213239192962646484375000000000000000 0.6666666666666666296592325124947819858789443969726562500000000000000 0.4444444444444444197728216749965213239192962646484375000000000000000 0.6296296296296296501893152708362322300672531127929687500000000000000 0.4814814814814814547538901479128981009125709533691406250000000000000
Triangle 40
0.6666666666666666296592325124947819858789443969726562500000000000000 0.5185185185185184897349586208292748779058456420898437500000000000000 0.6666666666666666296592325124947819858789443969726562500000000000000 0.5555555555555555802271783250034786760807037353515625000000000000000 0.6296296296296296501893152708362322300672531127929687500000000000000 0.5555555555555555802271783250034786760807037353515625000000000000000
Triangle 41
0.6666666666666666296592325124947819858789443969726562500000000000000 0.4444444444444444197728216749965213239192962646484375000000000000000 0.6296296296296296501893152708362322300672531127929687500000000000000 0.4444444444444444197728216749965213239192962646484375000000000000000 0.6666666666666666296592325124947819858789443969726562500000000000000 0.4074074074074073847917532020801445469260215759277343750000000000000
Triangle 42
0.5925925925925925596970955666620284318923950195312500000000000000000 0.4074074074074073847917532020801445469260215759277343750000000000000 0.5925925925925925596970955666620284318923950195312500000000000000000 0.3703703703703703498106847291637677699327468872070312500000000000000 0.6296296296296296501893152708362322300672531127929687500000000000000 0.3703703703703703498106847291637677699327468872070312500000000000000
Triangle 43
0.6666666666666666296592325124947819858789443969726562500000000000000 0.4814814814814814547538901479128981009125709533691406250000000000000 0.7037037037037037201514522166689857840538024902343750000000000000000 0.4814814814814814547538901479128981009125709533691406250000000000000 0.6666666666666666296592325124947819858789443969726562500000000000000 0.5185185185185184897349586208292748779058456420898437500000000000000
Triangle 44
0.7407407407407406996213694583275355398654937744140625000000000000000 0.5555555555555555802271783250034786760807037353515625000000000000000 0.7407407407407406996213694583275355398654937744140625000000000000000 0.5925925925925925596970955666620284318923950195312500000000000000000 0.7037037037037037201514522166689857840538024902343750000000000000000 0.5925925925925925596970955666620284318923950195312500000000000000000
Triangle 45
0.3703703703703703498106847291637677699327468872070312500000000000000 0.0370370370370370349810684729163767769932746887207031250000000000000 0.4074074074074073847917532020801445469260215759277343750000000000000 0.0370370370370370349810684729163767769932746887207031250000000000000 0.3703703703703703498106847291637677699327468872070312500000000000000 0.0740740740740740699621369458327535539865493774414062500000000000000
Triangle 46
0.4074074074074073847917532020801445469260215759277343750000000000000 0.1481481481481481399242738916655071079730987548828125000000000000000 0.4074074074074073847917532020801445469260215759277343750000000000000 0.1111111111111111049432054187491303309798240661621093750000000000000 0.4444444444444444197728216749965213239192962646484375000000000000000 0.1111111111111111049432054187491303309798240661621093750000000000000
Triangle 47
0.3703703703703703498106847291637677699327468872070312500000000000000 0.0740740740740740699621369458327535539865493774414062500000000000000 0.4074074074074073847917532020801445469260215759277343750000000000000 0.0370370370370370349810684729163767769932746887207031250000000000000 0.4074074074074073847917532020801445469260215759277343750000000000000 0.0740740740740740699621369458327535539865493774414062500000000000000
Triangle 48
0.4444444444444444197728216749965213239192962646484375000000000000000 0.0740740740740740699621369458327535539865493774414062500000000000000 0.4074074074074073847917532020801445469260215759277343750000000000000 0.1111111111111111049432054187491303309798240661621093750000000000000 0.4074074074074073847917532020801445469260215759277343750000000000000 0.0740740740740740699621369458327535539865493774414062500000000000000
Triangle 49
0.4074074074074073847917532020801445469260215759277343750000000000000 0.1111111111111111049432054187491303309798240661621093750000000000000 0.3703703703703703498106847291637677699327468872070312500000000000000 0.1111111111111111049432054187491303309798240661621093750000000000000 0.4074074074074073847917532020801445469260215759277343750000000000000 0.0740740740740740699621369458327535539865493774414062500000000000000
Triangle 50
0.4814814814814814547538901479128981009125709533691406250000000000000 0.0740740740740740699621369458327535539865493774414062500000000000000 0.4814814814814814547538901479128981009125709533691406250000000000000 0.1111111111111111049432054187491303309798240661621093750000000000000 0.4444444444444444197728216749965213239192962646484375000000000000000 0.1111111111111111049432054187491303309798240661621093750000000000000
Triangle 51
0.4814814814814814547538901479128981009125709533691406250000000000000 0.0370370370370370349810684729163767769932746887207031250000000000000 0.4444444444444444197728216749965213239192962646484375000000000000000 0.0740740740740740699621369458327535539865493774414062500000000000000 0.4444444444444444197728216749965213239192962646484375000000000000000 0.0370370370370370349810684729163767769932746887207031250000000000000
Triangle 52
0.4444444444444444197728216749965213239192962646484375000000000000000 0.1111111111111111049432054187491303309798240661621093750000000000000 0.4074074074074073847917532020801445469260215759277343750000000000000 0.1111111111111111049432054187491303309798240661621093750000000000000 0.4444444444444444197728216749965213239192962646484375000000000000000 0.0740740740740740699621369458327535539865493774414062500000000000000
Triangle 53
0.4814814814814814547538901479128981009125709533691406250000000000000 0.0740740740740740699621369458327535539865493774414062500000000000000 0.4444444444444444197728216749965213239192962646484375000000000000000 0.0740740740740740699621369458327535539865493774414062500000000000000 0.4814814814814814547538901479128981009125709533691406250000000000000 0.0370370370370370349810684729163767769932746887207031250000000000000
Triangle 54
0.5185185185185184897349586208292748779058456420898437500000000000000 0.0740740740740740699621369458327535539865493774414062500000000000000 0.4814814814814814547538901479128981009125709533691406250000000000000 0.0740740740740740699621369458327535539865493774414062500000000000000 0.4814814814814814547538901479128981009125709533691406250000000000000 0.0370370370370370349810684729163767769932746887207031250000000000000
Triangle 55
0.5185185185185184897349586208292748779058456420898437500000000000000 0.0740740740740740699621369458327535539865493774414062500000000000000 0.5185185185185184897349586208292748779058456420898437500000000000000 0.1111111111111111049432054187491303309798240661621093750000000000000 0.4814814814814814547538901479128981009125709533691406250000000000000 0.1111111111111111049432054187491303309798240661621093750000000000000
Triangle 56
0.5185185185185184897349586208292748779058456420898437500000000000000 0.0740740740740740699621369458327535539865493774414062500000000000000 0.4814814814814814547538901479128981009125709533691406250000000000000 0.1111111111111111049432054187491303309798240661621093750000000000000 0.4814814814814814547538901479128981009125709533691406250000000000000 0.0740740740740740699621369458327535539865493774414062500000000000000
Triangle 57
0.5185185185185184897349586208292748779058456420898437500000000000000 0.1481481481481481399242738916655071079730987548828125000000000000000 0.4814814814814814547538901479128981009125709533691406250000000000000 0.1851851851851851749053423645818838849663734436035156250000000000000 0.4814814814814814547538901479128981009125709533691406250000000000000 0.1481481481481481399242738916655071079730987548828125000000000000000
Triangle 58
0.4814814814814814547538901479128981009125709533691406250000000000000 0.0740740740740740699621369458327535539865493774414062500000000000000 0.4444444444444444197728216749965213239192962646484375000000000000000 0.1111111111111111049432054187491303309798240661621093750000000000000 0.4444444444444444197728216749965213239192962646484375000000000000000 0.0740740740740740699621369458327535539865493774414062500000000000000
Triangle 59
0.4814814814814814547538901479128981009125709533691406250000000000000 0.1111111111111111049432054187491303309798240661621093750000000000000 0.4444444444444444197728216749965213239192962646484375000000000000000 0.1481481481481481399242738916655071079730987548828125000000000000000 0.4444444444444444197728216749965213239192962646484375000000000000000 0.1111111111111111049432054187491303309798240661621093750000000000000
Triangle 60
0.4814814814814814547538901479128981009125709533691406250000000000000 0.2222222222222222098864108374982606619596481323242187500000000000000 0.4814814814814814547538901479128981009125709533691406250000000000000 0.1851851851851851749053423645818838849663734436035156250000000000000 0.5185185185185184897349586208292748779058456420898437500000000000000 0.1851851851851851749053423645818838849663734436035156250000000000000
Triangle 61
0.4444444444444444197728216749965213239192962646484375000000000000000 0.2222222222222222098864108374982606619596481323242187500000000000000 0.4444444444444444197728216749965213239192962646484375000000000000000 0.2592592592592592448674793104146374389529228210449218750000000000000 0.4074074074074073847917532020801445469260215759277343750000000000000 0.1851851851851851749053423645818838849663734436035156250000000000000
Triangle 62
0.5185185185185184897349586208292748779058456420898437500000000000000 0.2962962962962962798485477833310142159461975097656250000000000000000 0.5185185185185184897349586208292748779058456420898437500000000000000 0.2592592592592592448674793104146374389529228210449218750000000000000 0.5555555555555555802271783250034786760807037353515625000000000000000 0.2592592592592592448674793104146374389529228210449218750000000000000
Triangle 63
0.4814814814814814547538901479128981009125709533691406250000000000000 0.2222222222222222098864108374982606619596481323242187500000000000000 0.5185185185185184897349586208292748779058456420898437500000000000000 0.1851851851851851749053423645818838849663734436035156250000000000000 0.5185185185185184897349586208292748779058456420898437500000000000000 0.2222222222222222098864108374982606619596481323242187500000000000000
Triangle 64
0.4074074074074073847917532020801445469260215759277343750000000000000 0.6296296296296296501893152708362322300672531127929687500000000000000 0.4814814814814814547538901479128981009125709533691406250000000000000 0.2962962962962962798485477833310142159461975097656250000000000000000 0.5185185185185184897349586208292748779058456420898437500000000000000 0.3333333333333333148296162562473909929394721984863281250000000000000
Triangle 65
0.4814814814814814547538901479128981009125709533691406250000000000000 0.2962962962962962798485477833310142159461975097656250000000000000000 0.5185185185185184897349586208292748779058456420898437500000000000000 0.2592592592592592448674793104146374389529228210449218750000000000000 0.5185185185185184897349586208292748779058456420898437500000000000000 0.2962962962962962798485477833310142159461975097656250000000000000000
Triangle 66
0.5555555555555555802271783250034786760807037353515625000000000000000 0.2962962962962962798485477833310142159461975097656250000000000000000 0.5185185185185184897349586208292748779058456420898437500000000000000 0.3333333333333333148296162562473909929394721984863281250000000000000 0.5185185185185184897349586208292748779058456420898437500000000000000 0.2962962962962962798485477833310142159461975097656250000000000000000
Triangle 67
0.4444444444444444197728216749965213239192962646484375000000000000000 0.2222222222222222098864108374982606619596481323242187500000000000000 0.4074074074074073847917532020801445469260215759277343750000000000000 0.1851851851851851749053423645818838849663734436035156250000000000000 0.4444444444444444197728216749965213239192962646484375000000000000000 0.1851851851851851749053423645818838849663734436035156250000000000000
Triangle 68
0.4074074074074073847917532020801445469260215759277343750000000000000 0.7407407407407406996213694583275355398654937744140625000000000000000 0.4074074074074073847917532020801445469260215759277343750000000000000 0.7037037037037037201514522166689857840538024902343750000000000000000 0.4444444444444444197728216749965213239192962646484375000000000000000 0.7037037037037037201514522166689857840538024902343750000000000000000
Triangle 69
0.4444444444444444197728216749965213239192962646484375000000000000000 0.6296296296296296501893152708362322300672531127929687500000000000000 0.5555555555555555802271783250034786760807037353515625000000000000000 0.4074074074074073847917532020801445469260215759277343750000000000000 0.5925925925925925596970955666620284318923950195312500000000000000000 0.4814814814814814547538901479128981009125709533691406250000000000000
Triangle 70
0.4444444444444444197728216749965213239192962646484375000000000000000 0.2592592592592592448674793104146374389529228210449218750000000000000 0.4814814814814814547538901479128981009125709533691406250000000000000 0.2592592592592592448674793104146374389529228210449218750000000000000 0.4814814814814814547538901479128981009125709533691406250000000000000 0.2962962962962962798485477833310142159461975097656250000000000000000
Triangle 71
0.4814814814814814547538901479128981009125709533691406250000000000000 0.2222222222222222098864108374982606619596481323242187500000000000000 0.5185185185185184897349586208292748779058456420898437500000000000000 0.2222222222222222098864108374982606619596481323242187500000000000000 0.4814814814814814547538901479128981009125709533691406250000000000000 0.2592592592592592448674793104146374389529228210449218750000000000000
Triangle 72
0.4074074074074073847917532020801445469260215759277343750000000000000 0.6296296296296296501893152708362322300672531127929687500000000000000 0.2962962962962962798485477833310142159461975097656250000000000000000 0.6666666666666666296592325124947819858789443969726562500000000000000 0.4444444444444444197728216749965213239192962646484375000000000000000 0.2592592592592592448674793104146374389529228210449218750000000000000
Triangle 73
0.2962962962962962798485477833310142159461975097656250000000000000000 0.6666666666666666296592325124947819858789443969726562500000000000000 0.2592592592592592448674793104146374389529228210449218750000000000000 0.6666666666666666296592325124947819858789443969726562500000000000000 0.4444444444444444197728216749965213239192962646484375000000000000000 0.2592592592592592448674793104146374389529228210449218750000000000000
Triangle 74
0.5185185185185184897349586208292748779058456420898437500000000000000 0.1111111111111111049432054187491303309798240661621093750000000000000 0.4814814814814814547538901479128981009125709533691406250000000000000 0.1481481481481481399242738916655071079730987548828125000000000000000 0.4814814814814814547538901479128981009125709533691406250000000000000 0.1111111111111111049432054187491303309798240661621093750000000000000
Triangle 75
0.4814814814814814547538901479128981009125709533691406250000000000000 0.1851851851851851749053423645818838849663734436035156250000000000000 0.4444444444444444197728216749965213239192962646484375000000000000000 0.1851851851851851749053423645818838849663734436035156250000000000000 0.4814814814814814547538901479128981009125709533691406250000000000000 0.1481481481481481399242738916655071079730987548828125000000000000000
Triangle 76
0.4074074074074073847917532020801445469260215759277343750000000000000 0.1851851851851851749053423645818838849663734436035156250000000000000 0.4074074074074073847917532020801445469260215759277343750000000000000 0.1481481481481481399242738916655071079730987548828125000000000000000 0.4444444444444444197728216749965213239192962646484375000000000000000 0.1481481481481481399242738916655071079730987548828125000000000000000
Triangle 77
0.4074074074074073847917532020801445469260215759277343750000000000000 0.1851851851851851749053423645818838849663734436035156250000000000000 0.3703703703703703498106847291637677699327468872070312500000000000000 0.1111111111111111049432054187491303309798240661621093750000000000000 0.4074074074074073847917532020801445469260215759277343750000000000000 0.1481481481481481399242738916655071079730987548828125000000000000000
Triangle 78
0.4814814814814814547538901479128981009125709533691406250000000000000 0.2222222222222222098864108374982606619596481323242187500000000000000 0.4444444444444444197728216749965213239192962646484375000000000000000 0.2222222222222222098864108374982606619596481323242187500000000000000 0.4814814814814814547538901479128981009125709533691406250000000000000 0.1851851851851851749053423645818838849663734436035156250000000000000
Triangle 79
0.4074074074074073847917532020801445469260215759277343750000000000000 0.1851851851851851749053423645818838849663734436035156250000000000000 0.4444444444444444197728216749965213239192962646484375000000000000000 0.1481481481481481399242738916655071079730987548828125000000000000000 0.4444444444444444197728216749965213239192962646484375000000000000000 0.1851851851851851749053423645818838849663734436035156250000000000000
Triangle 80
0.4814814814814814547538901479128981009125709533691406250000000000000 0.1851851851851851749053423645818838849663734436035156250000000000000 0.4444444444444444197728216749965213239192962646484375000000000000000 0.2222222222222222098864108374982606619596481323242187500000000000000 0.4444444444444444197728216749965213239192962646484375000000000000000 0.1851851851851851749053423645818838849663734436035156250000000000000
Triangle 81
0.4814814814814814547538901479128981009125709533691406250000000000000 0.2222222222222222098864108374982606619596481323242187500000000000000 0.4444444444444444197728216749965213239192962646484375000000000000000 0.2592592592592592448674793104146374389529228210449218750000000000000 0.4444444444444444197728216749965213239192962646484375000000000000000 0.2222222222222222098864108374982606619596481323242187500000000000000
Triangle 82
0.3333333333333333148296162562473909929394721984863281250000000000000 0.6666666666666666296592325124947819858789443969726562500000000000000 0.2962962962962962798485477833310142159461975097656250000000000000000 0.7037037037037037201514522166689857840538024902343750000000000000000 0.2962962962962962798485477833310142159461975097656250000000000000000 0.6666666666666666296592325124947819858789443969726562500000000000000
Triangle 83
0.4814814814814814547538901479128981009125709533691406250000000000000 0.2962962962962962798485477833310142159461975097656250000000000000000 0.4074074074074073847917532020801445469260215759277343750000000000000 0.6296296296296296501893152708362322300672531127929687500000000000000 0.4444444444444444197728216749965213239192962646484375000000000000000 0.2592592592592592448674793104146374389529228210449218750000000000000
Triangle 84
0.3333333333333333148296162562473909929394721984863281250000000000000 0.7037037037037037201514522166689857840538024902343750000000000000000 0.3703703703703703498106847291637677699327468872070312500000000000000 0.7037037037037037201514522166689857840538024902343750000000000000000 0.3333333333333333148296162562473909929394721984863281250000000000000 0.7407407407407406996213694583275355398654937744140625000000000000000
Triangle 85
0.2222222222222222098864108374982606619596481323242187500000000000000 0.7407407407407406996213694583275355398654937744140625000000000000000 0.2222222222222222098864108374982606619596481323242187500000000000000 0.7037037037037037201514522166689857840538024902343750000000000000000 0.2592592592592592448674793104146374389529228210449218750000000000000 0.7037037037037037201514522166689857840538024902343750000000000000000
Triangle 86
0.2222222222222222098864108374982606619596481323242187500000000000000 0.7037037037037037201514522166689857840538024902343750000000000000000 0.2222222222222222098864108374982606619596481323242187500000000000000 0.6666666666666666296592325124947819858789443969726562500000000000000 0.2592592592592592448674793104146374389529228210449218750000000000000 0.6666666666666666296592325124947819858789443969726562500000000000000
Triangle 87
0.2962962962962962798485477833310142159461975097656250000000000000000 0.7037037037037037201514522166689857840538024902343750000000000000000 0.2592592592592592448674793104146374389529228210449218750000000000000 0.7037037037037037201514522166689857840538024902343750000000000000000 0.2962962962962962798485477833310142159461975097656250000000000000000 0.6666666666666666296592325124947819858789443969726562500000000000000
Triangle 88
0.2592592592592592448674793104146374389529228210449218750000000000000 0.7037037037037037201514522166689857840538024902343750000000000000000 0.2222222222222222098864108374982606619596481323242187500000000000000 0.7037037037037037201514522166689857840538024902343750000000000000000 0.2592592592592592448674793104146374389529228210449218750000000000000 0.6666666666666666296592325124947819858789443969726562500000000000000
Triangle 89
0.2962962962962962798485477833310142159461975097656250000000000000000 0.7037037037037037201514522166689857840538024902343750000000000000000 0.2592592592592592448674793104146374389529228210449218750000000000000 0.7407407407407406996213694583275355398654937744140625000000000000000 0.2592592592592592448674793104146374389529228210449218750000000000000 0.7037037037037037201514522166689857840538024902343750000000000000000
Triangle 90
0.2962962962962962798485477833310142159461975097656250000000000000000 0.6666666666666666296592325124947819858789443969726562500000000000000 0.2592592592592592448674793104146374389529228210449218750000000000000 0.7037037037037037201514522166689857840538024902343750000000000000000 0.2592592592592592448674793104146374389529228210449218750000000000000 0.6666666666666666296592325124947819858789443969726562500000000000000
Triangle 91
0.2592592592592592448674793104146374389529228210449218750000000000000 0.7037037037037037201514522166689857840538024902343750000000000000000 0.2592592592592592448674793104146374389529228210449218750000000000000 0.7407407407407406996213694583275355398654937744140625000000000000000 0.2222222222222222098864108374982606619596481323242187500000000000000 0.7407407407407406996213694583275355398654937744140625000000000000000
Triangle 92
0.2962962962962962798485477833310142159461975097656250000000000000000 0.7037037037037037201514522166689857840538024902343750000000000000000 0.2962962962962962798485477833310142159461975097656250000000000000000 0.7407407407407406996213694583275355398654937744140625000000000000000 0.2592592592592592448674793104146374389529228210449218750000000000000 0.7407407407407406996213694583275355398654937744140625000000000000000
Triangle 93
0.2962962962962962798485477833310142159461975097656250000000000000000 0.7037037037037037201514522166689857840538024902343750000000000000000 0.3333333333333333148296162562473909929394721984863281250000000000000 0.7037037037037037201514522166689857840538024902343750000000000000000 0.2962962962962962798485477833310142159461975097656250000000000000000 0.7407407407407406996213694583275355398654937744140625000000000000000
Triangle 94
0.2962962962962962798485477833310142159461975097656250000000000000000 0.7037037037037037201514522166689857840538024902343750000000000000000 0.3333333333333333148296162562473909929394721984863281250000000000000 0.6666666666666666296592325124947819858789443969726562500000000000000 0.3333333333333333148296162562473909929394721984863281250000000000000 0.7037037037037037201514522166689857840538024902343750000000000000000
Triangle 95
0.2962962962962962798485477833310142159461975097656250000000000000000 0.7407407407407406996213694583275355398654937744140625000000000000000 0.3333333333333333148296162562473909929394721984863281250000000000000 0.7037037037037037201514522166689857840538024902343750000000000000000 0.3333333333333333148296162562473909929394721984863281250000000000000 0.7407407407407406996213694583275355398654937744140625000000000000000
Triangle 96
0.3333333333333333148296162562473909929394721984863281250000000000000 0.6666666666666666296592325124947819858789443969726562500000000000000 0.3703703703703703498106847291637677699327468872070312500000000000000 0.6666666666666666296592325124947819858789443969726562500000000000000 0.3333333333333333148296162562473909929394721984863281250000000000000 0.7037037037037037201514522166689857840538024902343750000000000000000
Triangle 97
0.4444444444444444197728216749965213239192962646484375000000000000000 0.6666666666666666296592325124947819858789443969726562500000000000000 0.4814814814814814547538901479128981009125709533691406250000000000000 0.6296296296296296501893152708362322300672531127929687500000000000000 0.4814814814814814547538901479128981009125709533691406250000000000000 0.6666666666666666296592325124947819858789443969726562500000000000000
Triangle 98
0.3703703703703703498106847291637677699327468872070312500000000000000 0.7037037037037037201514522166689857840538024902343750000000000000000 0.3703703703703703498106847291637677699327468872070312500000000000000 0.7407407407407406996213694583275355398654937744140625000000000000000 0.3333333333333333148296162562473909929394721984863281250000000000000 0.7407407407407406996213694583275355398654937744140625000000000000000
Triangle 99
0.3703703703703703498106847291637677699327468872070312500000000000000 0.7037037037037037201514522166689857840538024902343750000000000000000 0.4074074074074073847917532020801445469260215759277343750000000000000 0.7037037037037037201514522166689857840538024902343750000000000000000 0.3703703703703703498106847291637677699327468872070312500000000000000 0.7407407407407406996213694583275355398654937744140625000000000000000
Triangle 100
0.4814814814814814547538901479128981009125709533691406250000000000000 0.6666666666666666296592325124947819858789443969726562500000000000000 0.4444444444444444197728216749965213239192962646484375000000000000000 0.7037037037037037201514522166689857840538024902343750000000000000000 0.4444444444444444197728216749965213239192962646484375000000000000000 0.6666666666666666296592325124947819858789443969726562500000000000000
Triangle 101
0.4074074074074073847917532020801445469260215759277343750000000000000 0.7407407407407406996213694583275355398654937744140625000000000000000 0.3703703703703703498106847291637677699327468872070312500000000000000 0.7407407407407406996213694583275355398654937744140625000000000000000 0.4074074074074073847917532020801445469260215759277343750000000000000 0.7037037037037037201514522166689857840538024902343750000000000000000
Triangle 102
0.4444444444444444197728216749965213239192962646484375000000000000000 0.6666666666666666296592325124947819858789443969726562500000000000000 0.4444444444444444197728216749965213239192962646484375000000000000000 0.7037037037037037201514522166689857840538024902343750000000000000000 0.4074074074074073847917532020801445469260215759277343750000000000000 0.7037037037037037201514522166689857840538024902343750000000000000000
Triangle 103
0.4814814814814814547538901479128981009125709533691406250000000000000 0.7037037037037037201514522166689857840538024902343750000000000000000 0.4074074074074073847917532020801445469260215759277343750000000000000 0.7407407407407406996213694583275355398654937744140625000000000000000 0.4444444444444444197728216749965213239192962646484375000000000000000 0.7037037037037037201514522166689857840538024902343750000000000000000
Triangle 104
0.5185185185185184897349586208292748779058456420898437500000000000000 0.6666666666666666296592325124947819858789443969726562500000000000000 0.4814814814814814547538901479128981009125709533691406250000000000000 0.7037037037037037201514522166689857840538024902343750000000000000000 0.4814814814814814547538901479128981009125709533691406250000000000000 0.6666666666666666296592325124947819858789443969726562500000000000000
Triangle 105
0.5185185185185184897349586208292748779058456420898437500000000000000 0.7037037037037037201514522166689857840538024902343750000000000000000 0.4074074074074073847917532020801445469260215759277343750000000000000 0.7407407407407406996213694583275355398654937744140625000000000000000 0.4814814814814814547538901479128981009125709533691406250000000000000 0.7037037037037037201514522166689857840538024902343750000000000000000
Triangle 106
0.5185185185185184897349586208292748779058456420898437500000000000000 0.6296296296296296501893152708362322300672531127929687500000000000000 0.4814814814814814547538901479128981009125709533691406250000000000000 0.6666666666666666296592325124947819858789443969726562500000000000000 0.4814814814814814547538901479128981009125709533691406250000000000000 0.6296296296296296501893152708362322300672531127929687500000000000000
Triangle 107
0.4814814814814814547538901479128981009125709533691406250000000000000 0.7037037037037037201514522166689857840538024902343750000000000000000 0.4444444444444444197728216749965213239192962646484375000000000000000 0.7037037037037037201514522166689857840538024902343750000000000000000 0.4814814814814814547538901479128981009125709533691406250000000000000 0.6666666666666666296592325124947819858789443969726562500000000000000
Triangle 108
0.3703703703703703498106847291637677699327468872070312500000000000000 0.7037037037037037201514522166689857840538024902343750000000000000000 0.4074074074074073847917532020801445469260215759277343750000000000000 0.6666666666666666296592325124947819858789443969726562500000000000000 0.4074074074074073847917532020801445469260215759277343750000000000000 0.7037037037037037201514522166689857840538024902343750000000000000000
Triangle 109
0.4074074074074073847917532020801445469260215759277343750000000000000 0.6666666666666666296592325124947819858789443969726562500000000000000 0.4074074074074073847917532020801445469260215759277343750000000000000 0.6296296296296296501893152708362322300672531127929687500000000000000 0.4444444444444444197728216749965213239192962646484375000000000000000 0.6296296296296296501893152708362322300672531127929687500000000000000
Triangle 110
0.4074074074074073847917532020801445469260215759277343750000000000000 0.7037037037037037201514522166689857840538024902343750000000000000000 0.4074074074074073847917532020801445469260215759277343750000000000000 0.6666666666666666296592325124947819858789443969726562500000000000000 0.4444444444444444197728216749965213239192962646484375000000000000000 0.6666666666666666296592325124947819858789443969726562500000000000000
Triangle 111
0.3703703703703703498106847291637677699327468872070312500000000000000 0.6666666666666666296592325124947819858789443969726562500000000000000 0.4074074074074073847917532020801445469260215759277343750000000000000 0.6296296296296296501893152708362322300672531127929687500000000000000 0.4074074074074073847917532020801445469260215759277343750000000000000 0.6666666666666666296592325124947819858789443969726562500000000000000
Triangle 112
0.3703703703703703498106847291637677699327468872070312500000000000000 0.7037037037037037201514522166689857840538024902343750000000000000000 0.3703703703703703498106847291637677699327468872070312500000000000000 0.6666666666666666296592325124947819858789443969726562500000000000000 0.4074074074074073847917532020801445469260215759277343750000000000000 0.6666666666666666296592325124947819858789443969726562500000000000000
Triangle 113
0.3333333333333333148296162562473909929394721984863281250000000000000 0.6666666666666666296592325124947819858789443969726562500000000000000 0.2962962962962962798485477833310142159461975097656250000000000000000 0.6666666666666666296592325124947819858789443969726562500000000000000 0.4074074074074073847917532020801445469260215759277343750000000000000 0.6296296296296296501893152708362322300672531127929687500000000000000
Triangle 114
0.4444444444444444197728216749965213239192962646484375000000000000000 0.6666666666666666296592325124947819858789443969726562500000000000000 0.4074074074074073847917532020801445469260215759277343750000000000000 0.6666666666666666296592325124947819858789443969726562500000000000000 0.4444444444444444197728216749965213239192962646484375000000000000000 0.6296296296296296501893152708362322300672531127929687500000000000000
Triangle 115
0.3703703703703703498106847291637677699327468872070312500000000000000 0.6666666666666666296592325124947819858789443969726562500000000000000 0.3333333333333333148296162562473909929394721984863281250000000000000 0.6666666666666666296592325124947819858789443969726562500000000000000 0.4074074074074073847917532020801445469260215759277343750000000000000 0.6296296296296296501893152708362322300672531127929687500000000000000
Triangle 116
0.4444444444444444197728216749965213239192962646484375000000000000000 0.6666666666666666296592325124947819858789443969726562500000000000000 0.4444444444444444197728216749965213239192962646484375000000000000000 0.6296296296296296501893152708362322300672531127929687500000000000000 0.4814814814814814547538901479128981009125709533691406250000000000000 0.6296296296296296501893152708362322300672531127929687500000000000000
Triangle 117
0.4074074074074073847917532020801445469260215759277343750000000000000 0.6296296296296296501893152708362322300672531127929687500000000000000 0.5555555555555555802271783250034786760807037353515625000000000000000 0.4074074074074073847917532020801445469260215759277343750000000000000 0.4444444444444444197728216749965213239192962646484375000000000000000 0.6296296296296296501893152708362322300672531127929687500000000000000
Triangle 118
0.5555555555555555802271783250034786760807037353515625000000000000000 0.6666666666666666296592325124947819858789443969726562500000000000000 0.5925925925925925596970955666620284318923950195312500000000000000000 0.6296296296296296501893152708362322300672531127929687500000000000000 0.5925925925925925596970955666620284318923950195312500000000000000000 0.6666666666666666296592325124947819858789443969726562500000000000000
Triangle 119
0.6296296296296296501893152708362322300672531127929687500000000000000 0.5555555555555555802271783250034786760807037353515625000000000000000 0.6666666666666666296592325124947819858789443969726562500000000000000 0.5925925925925925596970955666620284318923950195312500000000000000000 0.6296296296296296501893152708362322300672531127929687500000000000000 0.6296296296296296501893152708362322300672531127929687500000000000000
Triangle 120
0.5555555555555555802271783250034786760807037353515625000000000000000 0.6296296296296296501893152708362322300672531127929687500000000000000 0.6296296296296296501893152708362322300672531127929687500000000000000 0.5555555555555555802271783250034786760807037353515625000000000000000 0.5925925925925925596970955666620284318923950195312500000000000000000 0.6296296296296296501893152708362322300672531127929687500000000000000
Triangle 121
0.6296296296296296501893152708362322300672531127929687500000000000000 0.5185185185185184897349586208292748779058456420898437500000000000000 0.6666666666666666296592325124947819858789443969726562500000000000000 0.5185185185185184897349586208292748779058456420898437500000000000000 0.6296296296296296501893152708362322300672531127929687500000000000000 0.5555555555555555802271783250034786760807037353515625000000000000000
Triangle 122
0.5925925925925925596970955666620284318923950195312500000000000000000 0.4814814814814814547538901479128981009125709533691406250000000000000 0.5555555555555555802271783250034786760807037353515625000000000000000 0.6296296296296296501893152708362322300672531127929687500000000000000 0.5185185185185184897349586208292748779058456420898437500000000000000 0.6296296296296296501893152708362322300672531127929687500000000000000
Triangle 123
0.5925925925925925596970955666620284318923950195312500000000000000000 0.4814814814814814547538901479128981009125709533691406250000000000000 0.6296296296296296501893152708362322300672531127929687500000000000000 0.5555555555555555802271783250034786760807037353515625000000000000000 0.5555555555555555802271783250034786760807037353515625000000000000000 0.6296296296296296501893152708362322300672531127929687500000000000000
Triangle 124
0.5185185185185184897349586208292748779058456420898437500000000000000 0.7037037037037037201514522166689857840538024902343750000000000000000 0.5185185185185184897349586208292748779058456420898437500000000000000 0.6666666666666666296592325124947819858789443969726562500000000000000 0.5555555555555555802271783250034786760807037353515625000000000000000 0.6666666666666666296592325124947819858789443969726562500000000000000
Triangle 125
0.5555555555555555802271783250034786760807037353515625000000000000000 0.6296296296296296501893152708362322300672531127929687500000000000000 0.5925925925925925596970955666620284318923950195312500000000000000000 0.6296296296296296501893152708362322300672531127929687500000000000000 0.5555555555555555802271783250034786760807037353515625000000000000000 0.6666666666666666296592325124947819858789443969726562500000000000000
Triangle 126
0.5925925925925925596970955666620284318923950195312500000000000000000 0.4814814814814814547538901479128981009125709533691406250000000000000 0.5185185185185184897349586208292748779058456420898437500000000000000 0.6296296296296296501893152708362322300672531127929687500000000000000 0.4814814814814814547538901479128981009125709533691406250000000000000 0.6296296296296296501893152708362322300672531127929687500000000000000
Triangle 127
0.5555555555555555802271783250034786760807037353515625000000000000000 0.6296296296296296501893152708362322300672531127929687500000000000000 0.5555555555555555802271783250034786760807037353515625000000000000000 0.6666666666666666296592325124947819858789443969726562500000000000000 0.5185185185185184897349586208292748779058456420898437500000000000000 0.6666666666666666296592325124947819858789443969726562500000000000000
Triangle 128
0.5555555555555555802271783250034786760807037353515625000000000000000 0.7037037037037037201514522166689857840538024902343750000000000000000 0.5185185185185184897349586208292748779058456420898437500000000000000 0.7037037037037037201514522166689857840538024902343750000000000000000 0.5555555555555555802271783250034786760807037353515625000000000000000 0.6666666666666666296592325124947819858789443969726562500000000000000
Triangle 129
0.4814814814814814547538901479128981009125709533691406250000000000000 0.6666666666666666296592325124947819858789443969726562500000000000000 0.5185185185185184897349586208292748779058456420898437500000000000000 0.6296296296296296501893152708362322300672531127929687500000000000000 0.5185185185185184897349586208292748779058456420898437500000000000000 0.6666666666666666296592325124947819858789443969726562500000000000000
Triangle 130
0.5555555555555555802271783250034786760807037353515625000000000000000 0.6666666666666666296592325124947819858789443969726562500000000000000 0.5925925925925925596970955666620284318923950195312500000000000000000 0.6666666666666666296592325124947819858789443969726562500000000000000 0.5555555555555555802271783250034786760807037353515625000000000000000 0.7037037037037037201514522166689857840538024902343750000000000000000
Triangle 131
0.5925925925925925596970955666620284318923950195312500000000000000000 0.6296296296296296501893152708362322300672531127929687500000000000000 0.6296296296296296501893152708362322300672531127929687500000000000000 0.6296296296296296501893152708362322300672531127929687500000000000000 0.5925925925925925596970955666620284318923950195312500000000000000000 0.6666666666666666296592325124947819858789443969726562500000000000000
Triangle 132
0.4074074074074073847917532020801445469260215759277343750000000000000 0.7407407407407406996213694583275355398654937744140625000000000000000 0.5185185185185184897349586208292748779058456420898437500000000000000 0.7037037037037037201514522166689857840538024902343750000000000000000 0.5555555555555555802271783250034786760807037353515625000000000000000 0.7037037037037037201514522166689857840538024902343750000000000000000
Triangle 133
0.4814814814814814547538901479128981009125709533691406250000000000000 0.7037037037037037201514522166689857840538024902343750000000000000000 0.5185185185185184897349586208292748779058456420898437500000000000000 0.6666666666666666296592325124947819858789443969726562500000000000000 0.5185185185185184897349586208292748779058456420898437500000000000000 0.7037037037037037201514522166689857840538024902343750000000000000000
Triangle 134
0.5925925925925925596970955666620284318923950195312500000000000000000 0.6666666666666666296592325124947819858789443969726562500000000000000 0.5925925925925925596970955666620284318923950195312500000000000000000 0.7037037037037037201514522166689857840538024902343750000000000000000 0.5555555555555555802271783250034786760807037353515625000000000000000 0.7037037037037037201514522166689857840538024902343750000000000000000
Triangle 135
0.5925925925925925596970955666620284318923950195312500000000000000000 0.6666666666666666296592325124947819858789443969726562500000000000000 0.6296296296296296501893152708362322300672531127929687500000000000000 0.6296296296296296501893152708362322300672531127929687500000000000000 0.6296296296296296501893152708362322300672531127929687500000000000000 0.6666666666666666296592325124947819858789443969726562500000000000000
Triangle 136
0.5925925925925925596970955666620284318923950195312500000000000000000 0.7037037037037037201514522166689857840538024902343750000000000000000 0.5925925925925925596970955666620284318923950195312500000000000000000 0.6666666666666666296592325124947819858789443969726562500000000000000 0.6296296296296296501893152708362322300672531127929687500000000000000 0.6666666666666666296592325124947819858789443969726562500000000000000
Triangle 137
0.6666666666666666296592325124947819858789443969726562500000000000000 0.6296296296296296501893152708362322300672531127929687500000000000000 0.6296296296296296501893152708362322300672531127929687500000000000000 0.6666666666666666296592325124947819858789443969726562500000000000000 0.6296296296296296501893152708362322300672531127929687500000000000000 0.6296296296296296501893152708362322300672531127929687500000000000000
Triangle 138
0.6296296296296296501893152708362322300672531127929687500000000000000 0.7037037037037037201514522166689857840538024902343750000000000000000 0.5925925925925925596970955666620284318923950195312500000000000000000 0.7037037037037037201514522166689857840538024902343750000000000000000 0.6296296296296296501893152708362322300672531127929687500000000000000 0.6666666666666666296592325124947819858789443969726562500000000000000
Triangle 139
0.7407407407407406996213694583275355398654937744140625000000000000000 0.6296296296296296501893152708362322300672531127929687500000000000000 0.7037037037037037201514522166689857840538024902343750000000000000000 0.6666666666666666296592325124947819858789443969726562500000000000000 0.7037037037037037201514522166689857840538024902343750000000000000000 0.6296296296296296501893152708362322300672531127929687500000000000000
Triangle 140
0.6666666666666666296592325124947819858789443969726562500000000000000 0.7037037037037037201514522166689857840538024902343750000000000000000 0.6296296296296296501893152708362322300672531127929687500000000000000 0.7037037037037037201514522166689857840538024902343750000000000000000 0.6666666666666666296592325124947819858789443969726562500000000000000 0.6666666666666666296592325124947819858789443969726562500000000000000
Triangle 141
0.7037037037037037201514522166689857840538024902343750000000000000000 0.6666666666666666296592325124947819858789443969726562500000000000000 0.6666666666666666296592325124947819858789443969726562500000000000000 0.7037037037037037201514522166689857840538024902343750000000000000000 0.6666666666666666296592325124947819858789443969726562500000000000000 0.6666666666666666296592325124947819858789443969726562500000000000000
Triangle 142
0.7037037037037037201514522166689857840538024902343750000000000000000 0.7037037037037037201514522166689857840538024902343750000000000000000 0.7407407407407406996213694583275355398654937744140625000000000000000 0.6666666666666666296592325124947819858789443969726562500000000000000 0.7407407407407406996213694583275355398654937744140625000000000000000 0.7037037037037037201514522166689857840538024902343750000000000000000
Triangle 143
0.7037037037037037201514522166689857840538024902343750000000000000000 0.7037037037037037201514522166689857840538024902343750000000000000000 0.7037037037037037201514522166689857840538024902343750000000000000000 0.6666666666666666296592325124947819858789443969726562500000000000000 0.7407407407407406996213694583275355398654937744140625000000000000000 0.6666666666666666296592325124947819858789443969726562500000000000000
Triangle 144
0.7037037037037037201514522166689857840538024902343750000000000000000 0.7037037037037037201514522166689857840538024902343750000000000000000 0.6666666666666666296592325124947819858789443969726562500000000000000 0.7037037037037037201514522166689857840538024902343750000000000000000 0.7037037037037037201514522166689857840538024902343750000000000000000 0.6666666666666666296592325124947819858789443969726562500000000000000
Triangle 145
0.7777777777777777901135891625017393380403518676757812500000000000000 0.7037037037037037201514522166689857840538024902343750000000000000000 0.7407407407407406996213694583275355398654937744140625000000000000000 0.7037037037037037201514522166689857840538024902343750000000000000000 0.7777777777777777901135891625017393380403518676757812500000000000000 0.6666666666666666296592325124947819858789443969726562500000000000000
Triangle 146
0.7777777777777777901135891625017393380403518676757812500000000000000 0.6296296296296296501893152708362322300672531127929687500000000000000 0.7407407407407406996213694583275355398654937744140625000000000000000 0.6296296296296296501893152708362322300672531127929687500000000000000 0.7777777777777777901135891625017393380403518676757812500000000000000 0.5925925925925925596970955666620284318923950195312500000000000000000
Triangle 147
0.7777777777777777901135891625017393380403518676757812500000000000000 0.5925925925925925596970955666620284318923950195312500000000000000000 0.7407407407407406996213694583275355398654937744140625000000000000000 0.6296296296296296501893152708362322300672531127929687500000000000000 0.7407407407407406996213694583275355398654937744140625000000000000000 0.5925925925925925596970955666620284318923950195312500000000000000000
Triangle 148
0.7777777777777777901135891625017393380403518676757812500000000000000 0.6296296296296296501893152708362322300672531127929687500000000000000 0.7407407407407406996213694583275355398654937744140625000000000000000 0.6666666666666666296592325124947819858789443969726562500000000000000 0.7407407407407406996213694583275355398654937744140625000000000000000 0.6296296296296296501893152708362322300672531127929687500000000000000
Triangle 149
0.6666666666666666296592325124947819858789443969726562500000000000000 0.6666666666666666296592325124947819858789443969726562500000000000000 0.6666666666666666296592325124947819858789443969726562500000000000000 0.6296296296296296501893152708362322300672531127929687500000000000000 0.7037037037037037201514522166689857840538024902343750000000000000000 0.6296296296296296501893152708362322300672531127929687500000000000000
Triangle 150
0.6666666666666666296592325124947819858789443969726562500000000000000 0.6666666666666666296592325124947819858789443969726562500000000000000 0.6296296296296296501893152708362322300672531127929687500000000000000 0.6666666666666666296592325124947819858789443969726562500000000000000 0.6666666666666666296592325124947819858789443969726562500000000000000 0.6296296296296296501893152708362322300672531127929687500000000000000
Triangle 151
0.6296296296296296501893152708362322300672531127929687500000000000000 0.5555555555555555802271783250034786760807037353515625000000000000000 0.6666666666666666296592325124947819858789443969726562500000000000000 0.5555555555555555802271783250034786760807037353515625000000000000000 0.6666666666666666296592325124947819858789443969726562500000000000000 0.5925925925925925596970955666620284318923950195312500000000000000000
Triangle 152
0.6666666666666666296592325124947819858789443969726562500000000000000 0.5185185185185184897349586208292748779058456420898437500000000000000 0.7037037037037037201514522166689857840538024902343750000000000000000 0.5185185185185184897349586208292748779058456420898437500000000000000 0.6666666666666666296592325124947819858789443969726562500000000000000 0.5555555555555555802271783250034786760807037353515625000000000000000
Triangle 153
0.6666666666666666296592325124947819858789443969726562500000000000000 0.5555555555555555802271783250034786760807037353515625000000000000000 0.7037037037037037201514522166689857840538024902343750000000000000000 0.5185185185185184897349586208292748779058456420898437500000000000000 0.7037037037037037201514522166689857840538024902343750000000000000000 0.5555555555555555802271783250034786760807037353515625000000000000000
Triangle 154
0.7037037037037037201514522166689857840538024902343750000000000000000 0.5555555555555555802271783250034786760807037353515625000000000000000 0.7407407407407406996213694583275355398654937744140625000000000000000 0.5185185185185184897349586208292748779058456420898437500000000000000 0.7407407407407406996213694583275355398654937744140625000000000000000 0.5555555555555555802271783250034786760807037353515625000000000000000
Triangle 155
0.7037037037037037201514522166689857840538024902343750000000000000000 0.4444444444444444197728216749965213239192962646484375000000000000000 0.7407407407407406996213694583275355398654937744140625000000000000000 0.5185185185185184897349586208292748779058456420898437500000000000000 0.7037037037037037201514522166689857840538024902343750000000000000000 0.4814814814814814547538901479128981009125709533691406250000000000000
Triangle 156
0.7777777777777777901135891625017393380403518676757812500000000000000 0.5925925925925925596970955666620284318923950195312500000000000000000 0.7407407407407406996213694583275355398654937744140625000000000000000 0.5555555555555555802271783250034786760807037353515625000000000000000 0.7407407407407406996213694583275355398654937744140625000000000000000 0.5185185185185184897349586208292748779058456420898437500000000000000
Triangle 157
0.7037037037037037201514522166689857840538024902343750000000000000000 0.5555555555555555802271783250034786760807037353515625000000000000000 0.7037037037037037201514522166689857840538024902343750000000000000000 0.5185185185185184897349586208292748779058456420898437500000000000000 0.7407407407407406996213694583275355398654937744140625000000000000000 0.5185185185185184897349586208292748779058456420898437500000000000000
Triangle 158
0.6666666666666666296592325124947819858789443969726562500000000000000 0.5185185185185184897349586208292748779058456420898437500000000000000 0.7037037037037037201514522166689857840538024902343750000000000000000 0.4814814814814814547538901479128981009125709533691406250000000000000 0.7037037037037037201514522166689857840538024902343750000000000000000 0.5185185185185184897349586208292748779058456420898437500000000000000
Triangle 159
0.7037037037037037201514522166689857840538024902343750000000000000000 0.4814814814814814547538901479128981009125709533691406250000000000000 0.6666666666666666296592325124947819858789443969726562500000000000000 0.4814814814814814547538901479128981009125709533691406250000000000000 0.7037037037037037201514522166689857840538024902343750000000000000000 0.4444444444444444197728216749965213239192962646484375000000000000000
Triangle 160
0.6296296296296296501893152708362322300672531127929687500000000000000 0.4074074074074073847917532020801445469260215759277343750000000000000 0.5925925925925925596970955666620284318923950195312500000000000000000 0.4074074074074073847917532020801445469260215759277343750000000000000 0.6296296296296296501893152708362322300672531127929687500000000000000 0.3703703703703703498106847291637677699327468872070312500000000000000
Triangle 161
0.5925925925925925596970955666620284318923950195312500000000000000000 0.4444444444444444197728216749965213239192962646484375000000000000000 0.5925925925925925596970955666620284318923950195312500000000000000000 0.4814814814814814547538901479128981009125709533691406250000000000000 0.5555555555555555802271783250034786760807037353515625000000000000000 0.4074074074074073847917532020801445469260215759277343750000000000000
Triangle 162
0.6666666666666666296592325124947819858789443969726562500000000000000 0.4814814814814814547538901479128981009125709533691406250000000000000 0.6296296296296296501893152708362322300672531127929687500000000000000 0.4814814814814814547538901479128981009125709533691406250000000000000 0.6666666666666666296592325124947819858789443969726562500000000000000 0.4444444444444444197728216749965213239192962646484375000000000000000
Triangle 163
0.6296296296296296501893152708362322300672531127929687500000000000000 0.5185185185185184897349586208292748779058456420898437500000000000000 0.6666666666666666296592325124947819858789443969726562500000000000000 0.4814814814814814547538901479128981009125709533691406250000000000000 0.6666666666666666296592325124947819858789443969726562500000000000000 0.5185185185185184897349586208292748779058456420898437500000000000000
Triangle 164
0.6666666666666666296592325124947819858789443969726562500000000000000 0.4444444444444444197728216749965213239192962646484375000000000000000 0.7037037037037037201514522166689857840538024902343750000000000000000 0.4444444444444444197728216749965213239192962646484375000000000000000 0.6666666666666666296592325124947819858789443969726562500000000000000 0.4814814814814814547538901479128981009125709533691406250000000000000
Triangle 165
0.6296296296296296501893152708362322300672531127929687500000000000000 0.5185185185185184897349586208292748779058456420898437500000000000000 0.6296296296296296501893152708362322300672531127929687500000000000000 0.4814814814814814547538901479128981009125709533691406250000000000000 0.6666666666666666296592325124947819858789443969726562500000000000000 0.4814814814814814547538901479128981009125709533691406250000000000000
Triangle 166
0.6296296296296296501893152708362322300672531127929687500000000000000 0.5185185185185184897349586208292748779058456420898437500000000000000 0.5925925925925925596970955666620284318923950195312500000000000000000 0.4814814814814814547538901479128981009125709533691406250000000000000 0.6296296296296296501893152708362322300672531127929687500000000000000 0.4814814814814814547538901479128981009125709533691406250000000000000
Triangle 167
0.6666666666666666296592325124947819858789443969726562500000000000000 0.4074074074074073847917532020801445469260215759277343750000000000000 0.6296296296296296501893152708362322300672531127929687500000000000000 0.4444444444444444197728216749965213239192962646484375000000000000000 0.6296296296296296501893152708362322300672531127929687500000000000000 0.4074074074074073847917532020801445469260215759277343750000000000000
Triangle 168
0.6296296296296296501893152708362322300672531127929687500000000000000 0.4814814814814814547538901479128981009125709533691406250000000000000 0.5925925925925925596970955666620284318923950195312500000000000000000 0.4814814814814814547538901479128981009125709533691406250000000000000 0.6296296296296296501893152708362322300672531127929687500000000000000 0.4444444444444444197728216749965213239192962646484375000000000000000
Triangle 169
0.5925925925925925596970955666620284318923950195312500000000000000000 0.4074074074074073847917532020801445469260215759277343750000000000000 0.5925925925925925596970955666620284318923950195312500000000000000000 0.4444444444444444197728216749965213239192962646484375000000000000000 0.5555555555555555802271783250034786760807037353515625000000000000000 0.4074074074074073847917532020801445469260215759277343750000000000000
Triangle 170
0.6296296296296296501893152708362322300672531127929687500000000000000 0.4444444444444444197728216749965213239192962646484375000000000000000 0.5925925925925925596970955666620284318923950195312500000000000000000 0.4814814814814814547538901479128981009125709533691406250000000000000 0.5925925925925925596970955666620284318923950195312500000000000000000 0.4444444444444444197728216749965213239192962646484375000000000000000
Triangle 171
0.5555555555555555802271783250034786760807037353515625000000000000000 0.3703703703703703498106847291637677699327468872070312500000000000000 0.5925925925925925596970955666620284318923950195312500000000000000000 0.3703703703703703498106847291637677699327468872070312500000000000000 0.5555555555555555802271783250034786760807037353515625000000000000000 0.4074074074074073847917532020801445469260215759277343750000000000000
Triangle 172
0.6296296296296296501893152708362322300672531127929687500000000000000 0.4074074074074073847917532020801445469260215759277343750000000000000 0.5925925925925925596970955666620284318923950195312500000000000000000 0.4444444444444444197728216749965213239192962646484375000000000000000 0.5925925925925925596970955666620284318923950195312500000000000000000 0.4074074074074073847917532020801445469260215759277343750000000000000
Triangle 173
0.5925925925925925596970955666620284318923950195312500000000000000000 0.2962962962962962798485477833310142159461975097656250000000000000000 0.5555555555555555802271783250034786760807037353515625000000000000000 0.2962962962962962798485477833310142159461975097656250000000000000000 0.5925925925925925596970955666620284318923950195312500000000000000000 0.2592592592592592448674793104146374389529228210449218750000000000000
Triangle 174
0.6296296296296296501893152708362322300672531127929687500000000000000 0.3703703703703703498106847291637677699327468872070312500000000000000 0.6666666666666666296592325124947819858789443969726562500000000000000 0.4074074074074073847917532020801445469260215759277343750000000000000 0.6296296296296296501893152708362322300672531127929687500000000000000 0.4074074074074073847917532020801445469260215759277343750000000000000
Triangle 175
0.5555555555555555802271783250034786760807037353515625000000000000000 0.3703703703703703498106847291637677699327468872070312500000000000000 0.5925925925925925596970955666620284318923950195312500000000000000000 0.3333333333333333148296162562473909929394721984863281250000000000000 0.5925925925925925596970955666620284318923950195312500000000000000000 0.3703703703703703498106847291637677699327468872070312500000000000000
Triangle 176
0.5925925925925925596970955666620284318923950195312500000000000000000 0.3703703703703703498106847291637677699327468872070312500000000000000 0.6296296296296296501893152708362322300672531127929687500000000000000 0.3333333333333333148296162562473909929394721984863281250000000000000 0.6296296296296296501893152708362322300672531127929687500000000000000 0.3703703703703703498106847291637677699327468872070312500000000000000
Triangle 177
0.5185185185185184897349586208292748779058456420898437500000000000000 0.3333333333333333148296162562473909929394721984863281250000000000000 0.5555555555555555802271783250034786760807037353515625000000000000000 0.3703703703703703498106847291637677699327468872070312500000000000000 0.5555555555555555802271783250034786760807037353515625000000000000000 0.4074074074074073847917532020801445469260215759277343750000000000000
Triangle 178
0.5555555555555555802271783250034786760807037353515625000000000000000 0.2962962962962962798485477833310142159461975097656250000000000000000 0.5555555555555555802271783250034786760807037353515625000000000000000 0.2592592592592592448674793104146374389529228210449218750000000000000 0.5925925925925925596970955666620284318923950195312500000000000000000 0.2592592592592592448674793104146374389529228210449218750000000000000
Triangle 179
0.4074074074074073847917532020801445469260215759277343750000000000000 0.6296296296296296501893152708362322300672531127929687500000000000000 0.5185185185185184897349586208292748779058456420898437500000000000000 0.3333333333333333148296162562473909929394721984863281250000000000000 0.5555555555555555802271783250034786760807037353515625000000000000000 0.4074074074074073847917532020801445469260215759277343750000000000000
Triangle 180
0.4814814814814814547538901479128981009125709533691406250000000000000 0.2962962962962962798485477833310142159461975097656250000000000000000 0.5185185185185184897349586208292748779058456420898437500000000000000 0.2962962962962962798485477833310142159461975097656250000000000000000 0.5185185185185184897349586208292748779058456420898437500000000000000 0.3333333333333333148296162562473909929394721984863281250000000000000
Triangle 181
0.4814814814814814547538901479128981009125709533691406250000000000000 0.2592592592592592448674793104146374389529228210449218750000000000000 0.5185185185185184897349586208292748779058456420898437500000000000000 0.2222222222222222098864108374982606619596481323242187500000000000000 0.5185185185185184897349586208292748779058456420898437500000000000000 0.2592592592592592448674793104146374389529228210449218750000000000000
Triangle 182
0.5185185185185184897349586208292748779058456420898437500000000000000 0.1851851851851851749053423645818838849663734436035156250000000000000 0.5555555555555555802271783250034786760807037353515625000000000000000 0.1851851851851851749053423645818838849663734436035156250000000000000 0.5185185185185184897349586208292748779058456420898437500000000000000 0.2222222222222222098864108374982606619596481323242187500000000000000
Triangle 183
0.4814814814814814547538901479128981009125709533691406250000000000000 0.1481481481481481399242738916655071079730987548828125000000000000000 0.5185185185185184897349586208292748779058456420898437500000000000000 0.1111111111111111049432054187491303309798240661621093750000000000000 0.5185185185185184897349586208292748779058456420898437500000000000000 0.1481481481481481399242738916655071079730987548828125000000000000000
Triangle 184
0.5555555555555555802271783250034786760807037353515625000000000000000 0.2222222222222222098864108374982606619596481323242187500000000000000 0.5925925925925925596970955666620284318923950195312500000000000000000 0.2592592592592592448674793104146374389529228210449218750000000000000 0.5555555555555555802271783250034786760807037353515625000000000000000 0.2592592592592592448674793104146374389529228210449218750000000000000
Triangle 185
0.5185185185185184897349586208292748779058456420898437500000000000000 0.3333333333333333148296162562473909929394721984863281250000000000000 0.5555555555555555802271783250034786760807037353515625000000000000000 0.3333333333333333148296162562473909929394721984863281250000000000000 0.5555555555555555802271783250034786760807037353515625000000000000000 0.3703703703703703498106847291637677699327468872070312500000000000000
Triangle 186
0.5185185185185184897349586208292748779058456420898437500000000000000 0.2962962962962962798485477833310142159461975097656250000000000000000 0.5555555555555555802271783250034786760807037353515625000000000000000 0.2592592592592592448674793104146374389529228210449218750000000000000 0.5555555555555555802271783250034786760807037353515625000000000000000 0.2962962962962962798485477833310142159461975097656250000000000000000
Triangle 187
0.5185185185185184897349586208292748779058456420898437500000000000000 0.0740740740740740699621369458327535539865493774414062500000000000000 0.5555555555555555802271783250034786760807037353515625000000000000000 0.1851851851851851749053423645818838849663734436035156250000000000000 0.5185185185185184897349586208292748779058456420898437500000000000000 0.1111111111111111049432054187491303309798240661621093750000000000000
Triangle 188
0.5185185185185184897349586208292748779058456420898437500000000000000 0.2592592592592592448674793104146374389529228210449218750000000000000 0.5555555555555555802271783250034786760807037353515625000000000000000 0.2222222222222222098864108374982606619596481323242187500000000000000 0.5555555555555555802271783250034786760807037353515625000000000000000 0.2592592592592592448674793104146374389529228210449218750000000000000
Triangle 189
0.5555555555555555802271783250034786760807037353515625000000000000000 0.1851851851851851749053423645818838849663734436035156250000000000000 0.5925925925925925596970955666620284318923950195312500000000000000000 0.2592592592592592448674793104146374389529228210449218750000000000000 0.5555555555555555802271783250034786760807037353515625000000000000000 0.2222222222222222098864108374982606619596481323242187500000000000000
Triangle 190
0.5925925925925925596970955666620284318923950195312500000000000000000 0.2962962962962962798485477833310142159461975097656250000000000000000 0.5925925925925925596970955666620284318923950195312500000000000000000 0.3333333333333333148296162562473909929394721984863281250000000000000 0.5555555555555555802271783250034786760807037353515625000000000000000 0.3333333333333333148296162562473909929394721984863281250000000000000
Triangle 191
0.5555555555555555802271783250034786760807037353515625000000000000000 0.3333333333333333148296162562473909929394721984863281250000000000000 0.5185185185185184897349586208292748779058456420898437500000000000000 0.3333333333333333148296162562473909929394721984863281250000000000000 0.5555555555555555802271783250034786760807037353515625000000000000000 0.2962962962962962798485477833310142159461975097656250000000000000000
Triangle 192
0.5925925925925925596970955666620284318923950195312500000000000000000 0.3703703703703703498106847291637677699327468872070312500000000000000 0.5925925925925925596970955666620284318923950195312500000000000000000 0.3333333333333333148296162562473909929394721984863281250000000000000 0.6296296296296296501893152708362322300672531127929687500000000000000 0.3333333333333333148296162562473909929394721984863281250000000000000
Triangle 193
0.5555555555555555802271783250034786760807037353515625000000000000000 0.3333333333333333148296162562473909929394721984863281250000000000000 0.5555555555555555802271783250034786760807037353515625000000000000000 0.2962962962962962798485477833310142159461975097656250000000000000000 0.5925925925925925596970955666620284318923950195312500000000000000000 0.2962962962962962798485477833310142159461975097656250000000000000000
Triangle 194
0.6666666666666666296592325124947819858789443969726562500000000000000 0.4074074074074073847917532020801445469260215759277343750000000000000 0.6296296296296296501893152708362322300672531127929687500000000000000 0.3333333333333333148296162562473909929394721984863281250000000000000 0.7037037037037037201514522166689857840538024902343750000000000000000 0.4444444444444444197728216749965213239192962646484375000000000000000
Triangle 195
0.6666666666666666296592325124947819858789443969726562500000000000000 0.4074074074074073847917532020801445469260215759277343750000000000000 0.6296296296296296501893152708362322300672531127929687500000000000000 0.3703703703703703498106847291637677699327468872070312500000000000000 0.6296296296296296501893152708362322300672531127929687500000000000000 0.3333333333333333148296162562473909929394721984863281250000000000000
Triangle 196
0.6296296296296296501893152708362322300672531127929687500000000000000 0.3333333333333333148296162562473909929394721984863281250000000000000 0.5925925925925925596970955666620284318923950195312500000000000000000 0.2962962962962962798485477833310142159461975097656250000000000000000 0.5925925925925925596970955666620284318923950195312500000000000000000 0.2592592592592592448674793104146374389529228210449218750000000000000
Triangle 197
0.6296296296296296501893152708362322300672531127929687500000000000000 0.3333333333333333148296162562473909929394721984863281250000000000000 0.5925925925925925596970955666620284318923950195312500000000000000000 0.3333333333333333148296162562473909929394721984863281250000000000000 0.5925925925925925596970955666620284318923950195312500000000000000000 0.2962962962962962798485477833310142159461975097656250000000000000000
Regular edge 1
0.4074074074074073847917532020801445469260215759277343750000000000000 0.7407407407407406996213694583275355398654937744140625000000000000000 0.5555555555555555802271783250034786760807037353515625000000000000000 0.7037037037037037201514522166689857840538024902343750000000000000000
Regular edge 2
0.5555555555555555802271783250034786760807037353515625000000000000000 0.7037037037037037201514522166689857840538024902343750000000000000000 0.5925925925925925596970955666620284318923950195312500000000000000000 0.7037037037037037201514522166689857840538024902343750000000000000000
Regular edge 3
0.3703703703703703498106847291637677699327468872070312500000000000000 0.1111111111111111049432054187491303309798240661621093750000000000000 0.3703703703703703498106847291637677699327468872070312500000000000000 0.0740740740740740699621369458327535539865493774414062500000000000000
Regular edge 4
0.4444444444444444197728216749965213239192962646484375000000000000000 0.0370370370370370349810684729163767769932746887207031250000000000000 0.4074074074074073847917532020801445469260215759277343750000000000000 0.0370370370370370349810684729163767769932746887207031250000000000000
Regular edge 5
0.4074074074074073847917532020801445469260215759277343750000000000000 0.1851851851851851749053423645818838849663734436035156250000000000000 0.4444444444444444197728216749965213239192962646484375000000000000000 0.2592592592592592448674793104146374389529228210449218750000000000000
Regular edge 6
0.7037037037037037201514522166689857840538024902343750000000000000000 0.4444444444444444197728216749965213239192962646484375000000000000000 0.6296296296296296501893152708362322300672531127929687500000000000000 0.3333333333333333148296162562473909929394721984863281250000000000000
Regular edge 7
0.6296296296296296501893152708362322300672531127929687500000000000000 0.3333333333333333148296162562473909929394721984863281250000000000000 0.5925925925925925596970955666620284318923950195312500000000000000000 0.2592592592592592448674793104146374389529228210449218750000000000000
Regular edge 8
0.4444444444444444197728216749965213239192962646484375000000000000000 0.2592592592592592448674793104146374389529228210449218750000000000000 0.2592592592592592448674793104146374389529228210449218750000000000000 0.6666666666666666296592325124947819858789443969726562500000000000000
Regular edge 9
0.2592592592592592448674793104146374389529228210449218750000000000000 0.6666666666666666296592325124947819858789443969726562500000000000000 0.2222222222222222098864108374982606619596481323242187500000000000000 0.6666666666666666296592325124947819858789443969726562500000000000000
Regular edge 10
0.3703703703703703498106847291637677699327468872070312500000000000000 0.0370370370370370349810684729163767769932746887207031250000000000000 0.3703703703703703498106847291637677699327468872070312500000000000000 0.0740740740740740699621369458327535539865493774414062500000000000000
Regular edge 11
0.6296296296296296501893152708362322300672531127929687500000000000000 0.7037037037037037201514522166689857840538024902343750000000000000000 0.6666666666666666296592325124947819858789443969726562500000000000000 0.7037037037037037201514522166689857840538024902343750000000000000000
Regular edge 12
0.7037037037037037201514522166689857840538024902343750000000000000000 0.7037037037037037201514522166689857840538024902343750000000000000000 0.7407407407407406996213694583275355398654937744140625000000000000000 0.7037037037037037201514522166689857840538024902343750000000000000000
Regular edge 13
0.7777777777777777901135891625017393380403518676757812500000000000000 0.7037037037037037201514522166689857840538024902343750000000000000000 0.7777777777777777901135891625017393380403518676757812500000000000000 0.6666666666666666296592325124947819858789443969726562500000000000000
Regular edge 14
0.7777777777777777901135891625017393380403518676757812500000000000000 0.6296296296296296501893152708362322300672531127929687500000000000000 0.7777777777777777901135891625017393380403518676757812500000000000000 0.6666666666666666296592325124947819858789443969726562500000000000000
Regular edge 15
0.4074074074074073847917532020801445469260215759277343750000000000000 0.0370370370370370349810684729163767769932746887207031250000000000000 0.3703703703703703498106847291637677699327468872070312500000000000000 0.0370370370370370349810684729163767769932746887207031250000000000000
Regular edge 16
0.3703703703703703498106847291637677699327468872070312500000000000000 0.1111111111111111049432054187491303309798240661621093750000000000000 0.4074074074074073847917532020801445469260215759277343750000000000000 0.1851851851851851749053423645818838849663734436035156250000000000000
Regular edge 17
0.4814814814814814547538901479128981009125709533691406250000000000000 0.0370370370370370349810684729163767769932746887207031250000000000000 0.4444444444444444197728216749965213239192962646484375000000000000000 0.0370370370370370349810684729163767769932746887207031250000000000000
Regular edge 18
0.5185185185185184897349586208292748779058456420898437500000000000000 0.0740740740740740699621369458327535539865493774414062500000000000000 0.4814814814814814547538901479128981009125709533691406250000000000000 0.0370370370370370349810684729163767769932746887207031250000000000000
Regular edge 19
0.2222222222222222098864108374982606619596481323242187500000000000000 0.7407407407407406996213694583275355398654937744140625000000000000000 0.2222222222222222098864108374982606619596481323242187500000000000000 0.7037037037037037201514522166689857840538024902343750000000000000000
Regular edge 20
0.2222222222222222098864108374982606619596481323242187500000000000000 0.7037037037037037201514522166689857840538024902343750000000000000000 0.2222222222222222098864108374982606619596481323242187500000000000000 0.6666666666666666296592325124947819858789443969726562500000000000000
Regular edge 21
0.2592592592592592448674793104146374389529228210449218750000000000000 0.7407407407407406996213694583275355398654937744140625000000000000000 0.2962962962962962798485477833310142159461975097656250000000000000000 0.7407407407407406996213694583275355398654937744140625000000000000000
Regular edge 22
0.2222222222222222098864108374982606619596481323242187500000000000000 0.7407407407407406996213694583275355398654937744140625000000000000000 0.2592592592592592448674793104146374389529228210449218750000000000000 0.7407407407407406996213694583275355398654937744140625000000000000000
Regular edge 23
0.2962962962962962798485477833310142159461975097656250000000000000000 0.7407407407407406996213694583275355398654937744140625000000000000000 0.3333333333333333148296162562473909929394721984863281250000000000000 0.7407407407407406996213694583275355398654937744140625000000000000000
Regular edge 24
0.3333333333333333148296162562473909929394721984863281250000000000000 0.7407407407407406996213694583275355398654937744140625000000000000000 0.3703703703703703498106847291637677699327468872070312500000000000000 0.7407407407407406996213694583275355398654937744140625000000000000000
Regular edge 25
0.3703703703703703498106847291637677699327468872070312500000000000000 0.7407407407407406996213694583275355398654937744140625000000000000000 0.4074074074074073847917532020801445469260215759277343750000000000000 0.7407407407407406996213694583275355398654937744140625000000000000000
Regular edge 26
0.5925925925925925596970955666620284318923950195312500000000000000000 0.7037037037037037201514522166689857840538024902343750000000000000000 0.6296296296296296501893152708362322300672531127929687500000000000000 0.7037037037037037201514522166689857840538024902343750000000000000000
Regular edge 27
0.6666666666666666296592325124947819858789443969726562500000000000000 0.7037037037037037201514522166689857840538024902343750000000000000000 0.7037037037037037201514522166689857840538024902343750000000000000000 0.7037037037037037201514522166689857840538024902343750000000000000000
Regular edge 28
0.7407407407407406996213694583275355398654937744140625000000000000000 0.7037037037037037201514522166689857840538024902343750000000000000000 0.7777777777777777901135891625017393380403518676757812500000000000000 0.7037037037037037201514522166689857840538024902343750000000000000000
Regular edge 29
0.7777777777777777901135891625017393380403518676757812500000000000000 0.6296296296296296501893152708362322300672531127929687500000000000000 0.7777777777777777901135891625017393380403518676757812500000000000000 0.5925925925925925596970955666620284318923950195312500000000000000000
Regular edge 30
0.7037037037037037201514522166689857840538024902343750000000000000000 0.4444444444444444197728216749965213239192962646484375000000000000000 0.7407407407407406996213694583275355398654937744140625000000000000000 0.5185185185185184897349586208292748779058456420898437500000000000000
Regular edge 31
0.7407407407407406996213694583275355398654937744140625000000000000000 0.5185185185185184897349586208292748779058456420898437500000000000000 0.7777777777777777901135891625017393380403518676757812500000000000000 0.5925925925925925596970955666620284318923950195312500000000000000000
Regular edge 32
0.5185185185185184897349586208292748779058456420898437500000000000000 0.0740740740740740699621369458327535539865493774414062500000000000000 0.5555555555555555802271783250034786760807037353515625000000000000000 0.1851851851851851749053423645818838849663734436035156250000000000000
Regular edge 33
0.5925925925925925596970955666620284318923950195312500000000000000000 0.2592592592592592448674793104146374389529228210449218750000000000000 0.5555555555555555802271783250034786760807037353515625000000000000000 0.1851851851851851749053423645818838849663734436035156250000000000000
Triangles: 197
Regular Edges: 33
Singular Edges: 0
------------------------------------------
