------------------------------------------
Triangles: 0
Regular Edges: 0
Singular Edges: 0
------------------------------------------
------------------------------------------
Triangle 1
0.592592592592592559697095566662030000000000000000000000000000000000 0.555555555555555580227178325003480000000000000000000000000000000000 0.555555555555555580227178325003480000000000000000000000000000000000 0.592592592592592559697095566662030000000000000000000000000000000000 0.555555555555555580227178325003480000000000000000000000000000000000 0.555555555555555580227178325003480000000000000000000000000000000000
Triangle 2
0.407407407407407384791753202080140000000000000000000000000000000000 0.185185185185185174905342364581880000000000000000000000000000000000 0.370370370370370349810684729163770000000000000000000000000000000000 0.185185185185185174905342364581880000000000000000000000000000000000 0.407407407407407384791753202080140000000000000000000000000000000000 0.148148148148148139924273891665510000000000000000000000000000000000
Triangle 3
0.444444444444444419772821674996520000000000000000000000000000000000 0.296296296296296279848547783331010000000000000000000000000000000000 0.444444444444444419772821674996520000000000000000000000000000000000 0.259259259259259244867479310414640000000000000000000000000000000000 0.481481481481481454753890147912900000000000000000000000000000000000 0.259259259259259244867479310414640000000000000000000000000000000000
Triangle 4
0.333333333333333314829616256247390000000000000000000000000000000000 0.074074074074074069962136945832750000000000000000000000000000000000 0.296296296296296279848547783331010000000000000000000000000000000000 0.074074074074074069962136945832750000000000000000000000000000000000 0.333333333333333314829616256247390000000000000000000000000000000000 0.037037037037037034981068472916380000000000000000000000000000000000
Triangle 5
0.370370370370370349810684729163770000000000000000000000000000000000 0.074074074074074069962136945832750000000000000000000000000000000000 0.333333333333333314829616256247390000000000000000000000000000000000 0.074074074074074069962136945832750000000000000000000000000000000000 0.370370370370370349810684729163770000000000000000000000000000000000 0.037037037037037034981068472916380000000000000000000000000000000000
Triangle 6
0.370370370370370349810684729163770000000000000000000000000000000000 0.111111111111111104943205418749130000000000000000000000000000000000 0.407407407407407384791753202080140000000000000000000000000000000000 0.111111111111111104943205418749130000000000000000000000000000000000 0.370370370370370349810684729163770000000000000000000000000000000000 0.148148148148148139924273891665510000000000000000000000000000000000
Triangle 7
0.407407407407407384791753202080140000000000000000000000000000000000 0.148148148148148139924273891665510000000000000000000000000000000000 0.444444444444444419772821674996520000000000000000000000000000000000 0.148148148148148139924273891665510000000000000000000000000000000000 0.407407407407407384791753202080140000000000000000000000000000000000 0.185185185185185174905342364581880000000000000000000000000000000000
Triangle 8
0.370370370370370349810684729163770000000000000000000000000000000000 0.185185185185185174905342364581880000000000000000000000000000000000 0.333333333333333314829616256247390000000000000000000000000000000000 0.185185185185185174905342364581880000000000000000000000000000000000 0.370370370370370349810684729163770000000000000000000000000000000000 0.148148148148148139924273891665510000000000000000000000000000000000
Triangle 9
0.444444444444444419772821674996520000000000000000000000000000000000 0.592592592592592559697095566662030000000000000000000000000000000000 0.407407407407407384791753202080140000000000000000000000000000000000 0.592592592592592559697095566662030000000000000000000000000000000000 0.444444444444444419772821674996520000000000000000000000000000000000 0.555555555555555580227178325003480000000000000000000000000000000000
Triangle 10
0.407407407407407384791753202080140000000000000000000000000000000000 0.555555555555555580227178325003480000000000000000000000000000000000 0.444444444444444419772821674996520000000000000000000000000000000000 0.555555555555555580227178325003480000000000000000000000000000000000 0.407407407407407384791753202080140000000000000000000000000000000000 0.592592592592592559697095566662030000000000000000000000000000000000
Triangle 11
0.296296296296296279848547783331010000000000000000000000000000000000 0.074074074074074069962136945832750000000000000000000000000000000000 0.296296296296296279848547783331010000000000000000000000000000000000 0.037037037037037034981068472916380000000000000000000000000000000000 0.333333333333333314829616256247390000000000000000000000000000000000 0.037037037037037034981068472916380000000000000000000000000000000000
Triangle 12
0.518518518518518489734958620829270000000000000000000000000000000000 0.740740740740740699621369458327540000000000000000000000000000000000 0.481481481481481454753890147912900000000000000000000000000000000000 0.740740740740740699621369458327540000000000000000000000000000000000 0.518518518518518489734958620829270000000000000000000000000000000000 0.703703703703703720151452216668990000000000000000000000000000000000
Triangle 13
0.518518518518518489734958620829270000000000000000000000000000000000 0.444444444444444419772821674996520000000000000000000000000000000000 0.481481481481481454753890147912900000000000000000000000000000000000 0.481481481481481454753890147912900000000000000000000000000000000000 0.481481481481481454753890147912900000000000000000000000000000000000 0.444444444444444419772821674996520000000000000000000000000000000000
Triangle 14
0.629629629629629650189315270836230000000000000000000000000000000000 0.703703703703703720151452216668990000000000000000000000000000000000 0.666666666666666629659232512494780000000000000000000000000000000000 0.703703703703703720151452216668990000000000000000000000000000000000 0.629629629629629650189315270836230000000000000000000000000000000000 0.740740740740740699621369458327540000000000000000000000000000000000
Triangle 15
0.666666666666666629659232512494780000000000000000000000000000000000 0.481481481481481454753890147912900000000000000000000000000000000000 0.629629629629629650189315270836230000000000000000000000000000000000 0.518518518518518489734958620829270000000000000000000000000000000000 0.629629629629629650189315270836230000000000000000000000000000000000 0.481481481481481454753890147912900000000000000000000000000000000000
Triangle 16
0.555555555555555580227178325003480000000000000000000000000000000000 0.444444444444444419772821674996520000000000000000000000000000000000 0.592592592592592559697095566662030000000000000000000000000000000000 0.407407407407407384791753202080140000000000000000000000000000000000 0.592592592592592559697095566662030000000000000000000000000000000000 0.444444444444444419772821674996520000000000000000000000000000000000
Triangle 17
0.518518518518518489734958620829270000000000000000000000000000000000 0.259259259259259244867479310414640000000000000000000000000000000000 0.481481481481481454753890147912900000000000000000000000000000000000 0.259259259259259244867479310414640000000000000000000000000000000000 0.518518518518518489734958620829270000000000000000000000000000000000 0.222222222222222209886410837498260000000000000000000000000000000000
Triangle 18
0.629629629629629650189315270836230000000000000000000000000000000000 0.444444444444444419772821674996520000000000000000000000000000000000 0.629629629629629650189315270836230000000000000000000000000000000000 0.407407407407407384791753202080140000000000000000000000000000000000 0.666666666666666629659232512494780000000000000000000000000000000000 0.407407407407407384791753202080140000000000000000000000000000000000
Triangle 19
0.370370370370370349810684729163770000000000000000000000000000000000 0.148148148148148139924273891665510000000000000000000000000000000000 0.333333333333333314829616256247390000000000000000000000000000000000 0.185185185185185174905342364581880000000000000000000000000000000000 0.333333333333333314829616256247390000000000000000000000000000000000 0.148148148148148139924273891665510000000000000000000000000000000000
Triangle 20
0.407407407407407384791753202080140000000000000000000000000000000000 0.148148148148148139924273891665510000000000000000000000000000000000 0.370370370370370349810684729163770000000000000000000000000000000000 0.185185185185185174905342364581880000000000000000000000000000000000 0.370370370370370349810684729163770000000000000000000000000000000000 0.148148148148148139924273891665510000000000000000000000000000000000
Triangle 21
0.370370370370370349810684729163770000000000000000000000000000000000 0.037037037037037034981068472916380000000000000000000000000000000000 0.333333333333333314829616256247390000000000000000000000000000000000 0.074074074074074069962136945832750000000000000000000000000000000000 0.333333333333333314829616256247390000000000000000000000000000000000 0.037037037037037034981068472916380000000000000000000000000000000000
Triangle 22
0.407407407407407384791753202080140000000000000000000000000000000000 0.074074074074074069962136945832750000000000000000000000000000000000 0.370370370370370349810684729163770000000000000000000000000000000000 0.111111111111111104943205418749130000000000000000000000000000000000 0.370370370370370349810684729163770000000000000000000000000000000000 0.074074074074074069962136945832750000000000000000000000000000000000
Triangle 23
0.407407407407407384791753202080140000000000000000000000000000000000 0.074074074074074069962136945832750000000000000000000000000000000000 0.370370370370370349810684729163770000000000000000000000000000000000 0.074074074074074069962136945832750000000000000000000000000000000000 0.370370370370370349810684729163770000000000000000000000000000000000 0.037037037037037034981068472916380000000000000000000000000000000000
Triangle 24
0.370370370370370349810684729163770000000000000000000000000000000000 0.111111111111111104943205418749130000000000000000000000000000000000 0.407407407407407384791753202080140000000000000000000000000000000000 0.074074074074074069962136945832750000000000000000000000000000000000 0.407407407407407384791753202080140000000000000000000000000000000000 0.111111111111111104943205418749130000000000000000000000000000000000
Triangle 25
0.407407407407407384791753202080140000000000000000000000000000000000 0.111111111111111104943205418749130000000000000000000000000000000000 0.407407407407407384791753202080140000000000000000000000000000000000 0.148148148148148139924273891665510000000000000000000000000000000000 0.370370370370370349810684729163770000000000000000000000000000000000 0.148148148148148139924273891665510000000000000000000000000000000000
Triangle 26
0.444444444444444419772821674996520000000000000000000000000000000000 0.148148148148148139924273891665510000000000000000000000000000000000 0.444444444444444419772821674996520000000000000000000000000000000000 0.185185185185185174905342364581880000000000000000000000000000000000 0.407407407407407384791753202080140000000000000000000000000000000000 0.185185185185185174905342364581880000000000000000000000000000000000
Triangle 27
0.444444444444444419772821674996520000000000000000000000000000000000 0.148148148148148139924273891665510000000000000000000000000000000000 0.481481481481481454753890147912900000000000000000000000000000000000 0.185185185185185174905342364581880000000000000000000000000000000000 0.444444444444444419772821674996520000000000000000000000000000000000 0.185185185185185174905342364581880000000000000000000000000000000000
Triangle 28
0.555555555555555580227178325003480000000000000000000000000000000000 0.370370370370370349810684729163770000000000000000000000000000000000 0.555555555555555580227178325003480000000000000000000000000000000000 0.333333333333333314829616256247390000000000000000000000000000000000 0.592592592592592559697095566662030000000000000000000000000000000000 0.333333333333333314829616256247390000000000000000000000000000000000
Triangle 29
0.481481481481481454753890147912900000000000000000000000000000000000 0.185185185185185174905342364581880000000000000000000000000000000000 0.518518518518518489734958620829270000000000000000000000000000000000 0.222222222222222209886410837498260000000000000000000000000000000000 0.481481481481481454753890147912900000000000000000000000000000000000 0.222222222222222209886410837498260000000000000000000000000000000000
Triangle 30
0.481481481481481454753890147912900000000000000000000000000000000000 0.222222222222222209886410837498260000000000000000000000000000000000 0.518518518518518489734958620829270000000000000000000000000000000000 0.222222222222222209886410837498260000000000000000000000000000000000 0.481481481481481454753890147912900000000000000000000000000000000000 0.259259259259259244867479310414640000000000000000000000000000000000
Triangle 31
0.481481481481481454753890147912900000000000000000000000000000000000 0.333333333333333314829616256247390000000000000000000000000000000000 0.518518518518518489734958620829270000000000000000000000000000000000 0.296296296296296279848547783331010000000000000000000000000000000000 0.518518518518518489734958620829270000000000000000000000000000000000 0.333333333333333314829616256247390000000000000000000000000000000000
Triangle 32
0.518518518518518489734958620829270000000000000000000000000000000000 0.370370370370370349810684729163770000000000000000000000000000000000 0.481481481481481454753890147912900000000000000000000000000000000000 0.333333333333333314829616256247390000000000000000000000000000000000 0.518518518518518489734958620829270000000000000000000000000000000000 0.333333333333333314829616256247390000000000000000000000000000000000
Triangle 33
0.518518518518518489734958620829270000000000000000000000000000000000 0.296296296296296279848547783331010000000000000000000000000000000000 0.481481481481481454753890147912900000000000000000000000000000000000 0.296296296296296279848547783331010000000000000000000000000000000000 0.518518518518518489734958620829270000000000000000000000000000000000 0.259259259259259244867479310414640000000000000000000000000000000000
Triangle 34
0.444444444444444419772821674996520000000000000000000000000000000000 0.296296296296296279848547783331010000000000000000000000000000000000 0.481481481481481454753890147912900000000000000000000000000000000000 0.259259259259259244867479310414640000000000000000000000000000000000 0.481481481481481454753890147912900000000000000000000000000000000000 0.296296296296296279848547783331010000000000000000000000000000000000
Triangle 35
0.518518518518518489734958620829270000000000000000000000000000000000 0.259259259259259244867479310414640000000000000000000000000000000000 0.481481481481481454753890147912900000000000000000000000000000000000 0.296296296296296279848547783331010000000000000000000000000000000000 0.481481481481481454753890147912900000000000000000000000000000000000 0.259259259259259244867479310414640000000000000000000000000000000000
Triangle 36
0.518518518518518489734958620829270000000000000000000000000000000000 0.296296296296296279848547783331010000000000000000000000000000000000 0.481481481481481454753890147912900000000000000000000000000000000000 0.333333333333333314829616256247390000000000000000000000000000000000 0.481481481481481454753890147912900000000000000000000000000000000000 0.296296296296296279848547783331010000000000000000000000000000000000
Triangle 37
0.370370370370370349810684729163770000000000000000000000000000000000 0.185185185185185174905342364581880000000000000000000000000000000000 0.407407407407407384791753202080140000000000000000000000000000000000 0.185185185185185174905342364581880000000000000000000000000000000000 0.407407407407407384791753202080140000000000000000000000000000000000 0.222222222222222209886410837498260000000000000000000000000000000000
Triangle 38
0.444444444444444419772821674996520000000000000000000000000000000000 0.481481481481481454753890147912900000000000000000000000000000000000 0.444444444444444419772821674996520000000000000000000000000000000000 0.518518518518518489734958620829270000000000000000000000000000000000 0.407407407407407384791753202080140000000000000000000000000000000000 0.518518518518518489734958620829270000000000000000000000000000000000
Triangle 39
0.444444444444444419772821674996520000000000000000000000000000000000 0.481481481481481454753890147912900000000000000000000000000000000000 0.481481481481481454753890147912900000000000000000000000000000000000 0.481481481481481454753890147912900000000000000000000000000000000000 0.444444444444444419772821674996520000000000000000000000000000000000 0.518518518518518489734958620829270000000000000000000000000000000000
Triangle 40
0.555555555555555580227178325003480000000000000000000000000000000000 0.444444444444444419772821674996520000000000000000000000000000000000 0.555555555555555580227178325003480000000000000000000000000000000000 0.407407407407407384791753202080140000000000000000000000000000000000 0.592592592592592559697095566662030000000000000000000000000000000000 0.407407407407407384791753202080140000000000000000000000000000000000
Triangle 41
0.407407407407407384791753202080140000000000000000000000000000000000 0.481481481481481454753890147912900000000000000000000000000000000000 0.444444444444444419772821674996520000000000000000000000000000000000 0.481481481481481454753890147912900000000000000000000000000000000000 0.407407407407407384791753202080140000000000000000000000000000000000 0.518518518518518489734958620829270000000000000000000000000000000000
Triangle 42
0.481481481481481454753890147912900000000000000000000000000000000000 0.555555555555555580227178325003480000000000000000000000000000000000 0.444444444444444419772821674996520000000000000000000000000000000000 0.592592592592592559697095566662030000000000000000000000000000000000 0.444444444444444419772821674996520000000000000000000000000000000000 0.555555555555555580227178325003480000000000000000000000000000000000
Triangle 43
0.481481481481481454753890147912900000000000000000000000000000000000 0.629629629629629650189315270836230000000000000000000000000000000000 0.444444444444444419772821674996520000000000000000000000000000000000 0.666666666666666629659232512494780000000000000000000000000000000000 0.444444444444444419772821674996520000000000000000000000000000000000 0.629629629629629650189315270836230000000000000000000000000000000000
Triangle 44
0.444444444444444419772821674996520000000000000000000000000000000000 0.592592592592592559697095566662030000000000000000000000000000000000 0.481481481481481454753890147912900000000000000000000000000000000000 0.555555555555555580227178325003480000000000000000000000000000000000 0.481481481481481454753890147912900000000000000000000000000000000000 0.592592592592592559697095566662030000000000000000000000000000000000
Triangle 45
0.481481481481481454753890147912900000000000000000000000000000000000 0.518518518518518489734958620829270000000000000000000000000000000000 0.481481481481481454753890147912900000000000000000000000000000000000 0.481481481481481454753890147912900000000000000000000000000000000000 0.518518518518518489734958620829270000000000000000000000000000000000 0.481481481481481454753890147912900000000000000000000000000000000000
Triangle 46
0.444444444444444419772821674996520000000000000000000000000000000000 0.666666666666666629659232512494780000000000000000000000000000000000 0.481481481481481454753890147912900000000000000000000000000000000000 0.629629629629629650189315270836230000000000000000000000000000000000 0.481481481481481454753890147912900000000000000000000000000000000000 0.666666666666666629659232512494780000000000000000000000000000000000
Triangle 47
0.555555555555555580227178325003480000000000000000000000000000000000 0.703703703703703720151452216668990000000000000000000000000000000000 0.592592592592592559697095566662030000000000000000000000000000000000 0.703703703703703720151452216668990000000000000000000000000000000000 0.555555555555555580227178325003480000000000000000000000000000000000 0.740740740740740699621369458327540000000000000000000000000000000000
Triangle 48
0.481481481481481454753890147912900000000000000000000000000000000000 0.703703703703703720151452216668990000000000000000000000000000000000 0.518518518518518489734958620829270000000000000000000000000000000000 0.703703703703703720151452216668990000000000000000000000000000000000 0.481481481481481454753890147912900000000000000000000000000000000000 0.740740740740740699621369458327540000000000000000000000000000000000
Triangle 49
0.481481481481481454753890147912900000000000000000000000000000000000 0.629629629629629650189315270836230000000000000000000000000000000000 0.518518518518518489734958620829270000000000000000000000000000000000 0.629629629629629650189315270836230000000000000000000000000000000000 0.481481481481481454753890147912900000000000000000000000000000000000 0.666666666666666629659232512494780000000000000000000000000000000000
Triangle 50
0.481481481481481454753890147912900000000000000000000000000000000000 0.666666666666666629659232512494780000000000000000000000000000000000 0.518518518518518489734958620829270000000000000000000000000000000000 0.629629629629629650189315270836230000000000000000000000000000000000 0.518518518518518489734958620829270000000000000000000000000000000000 0.666666666666666629659232512494780000000000000000000000000000000000
Triangle 51
0.481481481481481454753890147912900000000000000000000000000000000000 0.555555555555555580227178325003480000000000000000000000000000000000 0.518518518518518489734958620829270000000000000000000000000000000000 0.555555555555555580227178325003480000000000000000000000000000000000 0.481481481481481454753890147912900000000000000000000000000000000000 0.592592592592592559697095566662030000000000000000000000000000000000
Triangle 52
0.592592592592592559697095566662030000000000000000000000000000000000 0.481481481481481454753890147912900000000000000000000000000000000000 0.555555555555555580227178325003480000000000000000000000000000000000 0.518518518518518489734958620829270000000000000000000000000000000000 0.555555555555555580227178325003480000000000000000000000000000000000 0.481481481481481454753890147912900000000000000000000000000000000000
Triangle 53
0.444444444444444419772821674996520000000000000000000000000000000000 0.518518518518518489734958620829270000000000000000000000000000000000 0.481481481481481454753890147912900000000000000000000000000000000000 0.481481481481481454753890147912900000000000000000000000000000000000 0.481481481481481454753890147912900000000000000000000000000000000000 0.518518518518518489734958620829270000000000000000000000000000000000
Triangle 54
0.518518518518518489734958620829270000000000000000000000000000000000 0.518518518518518489734958620829270000000000000000000000000000000000 0.481481481481481454753890147912900000000000000000000000000000000000 0.518518518518518489734958620829270000000000000000000000000000000000 0.518518518518518489734958620829270000000000000000000000000000000000 0.481481481481481454753890147912900000000000000000000000000000000000
Triangle 55
0.481481481481481454753890147912900000000000000000000000000000000000 0.481481481481481454753890147912900000000000000000000000000000000000 0.518518518518518489734958620829270000000000000000000000000000000000 0.444444444444444419772821674996520000000000000000000000000000000000 0.518518518518518489734958620829270000000000000000000000000000000000 0.481481481481481454753890147912900000000000000000000000000000000000
Triangle 56
0.481481481481481454753890147912900000000000000000000000000000000000 0.444444444444444419772821674996520000000000000000000000000000000000 0.518518518518518489734958620829270000000000000000000000000000000000 0.407407407407407384791753202080140000000000000000000000000000000000 0.518518518518518489734958620829270000000000000000000000000000000000 0.444444444444444419772821674996520000000000000000000000000000000000
Triangle 57
0.592592592592592559697095566662030000000000000000000000000000000000 0.592592592592592559697095566662030000000000000000000000000000000000 0.555555555555555580227178325003480000000000000000000000000000000000 0.592592592592592559697095566662030000000000000000000000000000000000 0.592592592592592559697095566662030000000000000000000000000000000000 0.555555555555555580227178325003480000000000000000000000000000000000
Triangle 58
0.666666666666666629659232512494780000000000000000000000000000000000 0.629629629629629650189315270836230000000000000000000000000000000000 0.666666666666666629659232512494780000000000000000000000000000000000 0.666666666666666629659232512494780000000000000000000000000000000000 0.629629629629629650189315270836230000000000000000000000000000000000 0.666666666666666629659232512494780000000000000000000000000000000000
Triangle 59
0.592592592592592559697095566662030000000000000000000000000000000000 0.629629629629629650189315270836230000000000000000000000000000000000 0.555555555555555580227178325003480000000000000000000000000000000000 0.666666666666666629659232512494780000000000000000000000000000000000 0.555555555555555580227178325003480000000000000000000000000000000000 0.629629629629629650189315270836230000000000000000000000000000000000
Triangle 60
0.592592592592592559697095566662030000000000000000000000000000000000 0.740740740740740699621369458327540000000000000000000000000000000000 0.555555555555555580227178325003480000000000000000000000000000000000 0.740740740740740699621369458327540000000000000000000000000000000000 0.592592592592592559697095566662030000000000000000000000000000000000 0.703703703703703720151452216668990000000000000000000000000000000000
Triangle 61
0.666666666666666629659232512494780000000000000000000000000000000000 0.555555555555555580227178325003480000000000000000000000000000000000 0.629629629629629650189315270836230000000000000000000000000000000000 0.592592592592592559697095566662030000000000000000000000000000000000 0.629629629629629650189315270836230000000000000000000000000000000000 0.555555555555555580227178325003480000000000000000000000000000000000
Triangle 62
0.592592592592592559697095566662030000000000000000000000000000000000 0.666666666666666629659232512494780000000000000000000000000000000000 0.555555555555555580227178325003480000000000000000000000000000000000 0.666666666666666629659232512494780000000000000000000000000000000000 0.592592592592592559697095566662030000000000000000000000000000000000 0.629629629629629650189315270836230000000000000000000000000000000000
Triangle 63
0.666666666666666629659232512494780000000000000000000000000000000000 0.703703703703703720151452216668990000000000000000000000000000000000 0.666666666666666629659232512494780000000000000000000000000000000000 0.740740740740740699621369458327540000000000000000000000000000000000 0.629629629629629650189315270836230000000000000000000000000000000000 0.740740740740740699621369458327540000000000000000000000000000000000
Triangle 64
0.629629629629629650189315270836230000000000000000000000000000000000 0.666666666666666629659232512494780000000000000000000000000000000000 0.629629629629629650189315270836230000000000000000000000000000000000 0.629629629629629650189315270836230000000000000000000000000000000000 0.666666666666666629659232512494780000000000000000000000000000000000 0.629629629629629650189315270836230000000000000000000000000000000000
Triangle 65
0.666666666666666629659232512494780000000000000000000000000000000000 0.444444444444444419772821674996520000000000000000000000000000000000 0.629629629629629650189315270836230000000000000000000000000000000000 0.444444444444444419772821674996520000000000000000000000000000000000 0.666666666666666629659232512494780000000000000000000000000000000000 0.407407407407407384791753202080140000000000000000000000000000000000
Triangle 66
0.666666666666666629659232512494780000000000000000000000000000000000 0.592592592592592559697095566662030000000000000000000000000000000000 0.629629629629629650189315270836230000000000000000000000000000000000 0.592592592592592559697095566662030000000000000000000000000000000000 0.666666666666666629659232512494780000000000000000000000000000000000 0.555555555555555580227178325003480000000000000000000000000000000000
Triangle 67
0.592592592592592559697095566662030000000000000000000000000000000000 0.481481481481481454753890147912900000000000000000000000000000000000 0.592592592592592559697095566662030000000000000000000000000000000000 0.518518518518518489734958620829270000000000000000000000000000000000 0.555555555555555580227178325003480000000000000000000000000000000000 0.518518518518518489734958620829270000000000000000000000000000000000
Triangle 68
0.555555555555555580227178325003480000000000000000000000000000000000 0.444444444444444419772821674996520000000000000000000000000000000000 0.592592592592592559697095566662030000000000000000000000000000000000 0.444444444444444419772821674996520000000000000000000000000000000000 0.555555555555555580227178325003480000000000000000000000000000000000 0.481481481481481454753890147912900000000000000000000000000000000000
Triangle 69
0.629629629629629650189315270836230000000000000000000000000000000000 0.444444444444444419772821674996520000000000000000000000000000000000 0.666666666666666629659232512494780000000000000000000000000000000000 0.444444444444444419772821674996520000000000000000000000000000000000 0.629629629629629650189315270836230000000000000000000000000000000000 0.481481481481481454753890147912900000000000000000000000000000000000
Triangle 70
0.629629629629629650189315270836230000000000000000000000000000000000 0.518518518518518489734958620829270000000000000000000000000000000000 0.666666666666666629659232512494780000000000000000000000000000000000 0.481481481481481454753890147912900000000000000000000000000000000000 0.666666666666666629659232512494780000000000000000000000000000000000 0.518518518518518489734958620829270000000000000000000000000000000000
Triangle 71
0.629629629629629650189315270836230000000000000000000000000000000000 0.481481481481481454753890147912900000000000000000000000000000000000 0.666666666666666629659232512494780000000000000000000000000000000000 0.444444444444444419772821674996520000000000000000000000000000000000 0.666666666666666629659232512494780000000000000000000000000000000000 0.481481481481481454753890147912900000000000000000000000000000000000
Triangle 72
0.555555555555555580227178325003480000000000000000000000000000000000 0.481481481481481454753890147912900000000000000000000000000000000000 0.592592592592592559697095566662030000000000000000000000000000000000 0.444444444444444419772821674996520000000000000000000000000000000000 0.592592592592592559697095566662030000000000000000000000000000000000 0.481481481481481454753890147912900000000000000000000000000000000000
Triangle 73
0.592592592592592559697095566662030000000000000000000000000000000000 0.407407407407407384791753202080140000000000000000000000000000000000 0.555555555555555580227178325003480000000000000000000000000000000000 0.407407407407407384791753202080140000000000000000000000000000000000 0.592592592592592559697095566662030000000000000000000000000000000000 0.370370370370370349810684729163770000000000000000000000000000000000
Triangle 74
0.592592592592592559697095566662030000000000000000000000000000000000 0.370370370370370349810684729163770000000000000000000000000000000000 0.555555555555555580227178325003480000000000000000000000000000000000 0.407407407407407384791753202080140000000000000000000000000000000000 0.555555555555555580227178325003480000000000000000000000000000000000 0.370370370370370349810684729163770000000000000000000000000000000000
Triangle 75
0.592592592592592559697095566662030000000000000000000000000000000000 0.296296296296296279848547783331010000000000000000000000000000000000 0.555555555555555580227178325003480000000000000000000000000000000000 0.333333333333333314829616256247390000000000000000000000000000000000 0.555555555555555580227178325003480000000000000000000000000000000000 0.296296296296296279848547783331010000000000000000000000000000000000
Triangle 76
0.555555555555555580227178325003480000000000000000000000000000000000 0.259259259259259244867479310414640000000000000000000000000000000000 0.592592592592592559697095566662030000000000000000000000000000000000 0.296296296296296279848547783331010000000000000000000000000000000000 0.555555555555555580227178325003480000000000000000000000000000000000 0.296296296296296279848547783331010000000000000000000000000000000000
Triangle 77
0.592592592592592559697095566662030000000000000000000000000000000000 0.370370370370370349810684729163770000000000000000000000000000000000 0.555555555555555580227178325003480000000000000000000000000000000000 0.370370370370370349810684729163770000000000000000000000000000000000 0.592592592592592559697095566662030000000000000000000000000000000000 0.333333333333333314829616256247390000000000000000000000000000000000
Triangle 78
0.592592592592592559697095566662030000000000000000000000000000000000 0.333333333333333314829616256247390000000000000000000000000000000000 0.555555555555555580227178325003480000000000000000000000000000000000 0.333333333333333314829616256247390000000000000000000000000000000000 0.592592592592592559697095566662030000000000000000000000000000000000 0.296296296296296279848547783331010000000000000000000000000000000000
Triangle 79
0.666666666666666629659232512494780000000000000000000000000000000000 0.407407407407407384791753202080140000000000000000000000000000000000 0.629629629629629650189315270836230000000000000000000000000000000000 0.407407407407407384791753202080140000000000000000000000000000000000 0.666666666666666629659232512494780000000000000000000000000000000000 0.370370370370370349810684729163770000000000000000000000000000000000
Triangle 80
0.666666666666666629659232512494780000000000000000000000000000000000 0.370370370370370349810684729163770000000000000000000000000000000000 0.629629629629629650189315270836230000000000000000000000000000000000 0.407407407407407384791753202080140000000000000000000000000000000000 0.629629629629629650189315270836230000000000000000000000000000000000 0.370370370370370349810684729163770000000000000000000000000000000000
Triangle 81
0.629629629629629650189315270836230000000000000000000000000000000000 0.333333333333333314829616256247390000000000000000000000000000000000 0.666666666666666629659232512494780000000000000000000000000000000000 0.370370370370370349810684729163770000000000000000000000000000000000 0.629629629629629650189315270836230000000000000000000000000000000000 0.370370370370370349810684729163770000000000000000000000000000000000
Regular edge 1
0.555555555555555580227178325003480000000000000000000000000000000000 0.592592592592592559697095566662030000000000000000000000000000000000 0.555555555555555580227178325003480000000000000000000000000000000000 0.555555555555555580227178325003480000000000000000000000000000000000
Singular edge 1
0.296296296296296279848547783331010000000000000000000000000000000000 0.111111111111111104943205418749130000000000000000000000000000000000 0.333333333333333314829616256247390000000000000000000000000000000000 0.111111111111111104943205418749130000000000000000000000000000000000
Singular edge 2
0.333333333333333314829616256247390000000000000000000000000000000000 0.111111111111111104943205418749130000000000000000000000000000000000 0.333333333333333314829616256247390000000000000000000000000000000000 0.148148148148148139924273891665510000000000000000000000000000000000
Singular edge 3
0.333333333333333314829616256247390000000000000000000000000000000000 0.111111111111111104943205418749130000000000000000000000000000000000 0.333333333333333314829616256247390000000000000000000000000000000000 0.074074074074074069962136945832750000000000000000000000000000000000
Regular edge 2
0.333333333333333314829616256247390000000000000000000000000000000000 0.074074074074074069962136945832750000000000000000000000000000000000 0.370370370370370349810684729163770000000000000000000000000000000000 0.074074074074074069962136945832750000000000000000000000000000000000
Regular edge 3
0.333333333333333314829616256247390000000000000000000000000000000000 0.037037037037037034981068472916380000000000000000000000000000000000 0.296296296296296279848547783331010000000000000000000000000000000000 0.037037037037037034981068472916380000000000000000000000000000000000
Singular edge 4
0.555555555555555580227178325003480000000000000000000000000000000000 0.518518518518518489734958620829270000000000000000000000000000000000 0.518518518518518489734958620829270000000000000000000000000000000000 0.518518518518518489734958620829270000000000000000000000000000000000
Regular edge 4
0.370370370370370349810684729163770000000000000000000000000000000000 0.148148148148148139924273891665510000000000000000000000000000000000 0.370370370370370349810684729163770000000000000000000000000000000000 0.111111111111111104943205418749130000000000000000000000000000000000
Singular edge 5
0.518518518518518489734958620829270000000000000000000000000000000000 0.333333333333333314829616256247390000000000000000000000000000000000 0.555555555555555580227178325003480000000000000000000000000000000000 0.333333333333333314829616256247390000000000000000000000000000000000
Regular edge 5
0.518518518518518489734958620829270000000000000000000000000000000000 0.740740740740740699621369458327540000000000000000000000000000000000 0.518518518518518489734958620829270000000000000000000000000000000000 0.703703703703703720151452216668990000000000000000000000000000000000
Singular edge 6
0.518518518518518489734958620829270000000000000000000000000000000000 0.703703703703703720151452216668990000000000000000000000000000000000 0.555555555555555580227178325003480000000000000000000000000000000000 0.703703703703703720151452216668990000000000000000000000000000000000
Regular edge 6
0.407407407407407384791753202080140000000000000000000000000000000000 0.592592592592592559697095566662030000000000000000000000000000000000 0.407407407407407384791753202080140000000000000000000000000000000000 0.555555555555555580227178325003480000000000000000000000000000000000
Singular edge 7
0.518518518518518489734958620829270000000000000000000000000000000000 0.555555555555555580227178325003480000000000000000000000000000000000 0.555555555555555580227178325003480000000000000000000000000000000000 0.555555555555555580227178325003480000000000000000000000000000000000
Singular edge 8
0.555555555555555580227178325003480000000000000000000000000000000000 0.592592592592592559697095566662030000000000000000000000000000000000 0.555555555555555580227178325003480000000000000000000000000000000000 0.629629629629629650189315270836230000000000000000000000000000000000
Singular edge 9
0.555555555555555580227178325003480000000000000000000000000000000000 0.629629629629629650189315270836230000000000000000000000000000000000 0.518518518518518489734958620829270000000000000000000000000000000000 0.629629629629629650189315270836230000000000000000000000000000000000
Regular edge 7
0.592592592592592559697095566662030000000000000000000000000000000000 0.481481481481481454753890147912900000000000000000000000000000000000 0.592592592592592559697095566662030000000000000000000000000000000000 0.444444444444444419772821674996520000000000000000000000000000000000
Singular edge 10
0.592592592592592559697095566662030000000000000000000000000000000000 0.444444444444444419772821674996520000000000000000000000000000000000 0.629629629629629650189315270836230000000000000000000000000000000000 0.444444444444444419772821674996520000000000000000000000000000000000
Singular edge 11
0.518518518518518489734958620829270000000000000000000000000000000000 0.444444444444444419772821674996520000000000000000000000000000000000 0.555555555555555580227178325003480000000000000000000000000000000000 0.444444444444444419772821674996520000000000000000000000000000000000
Singular edge 12
0.592592592592592559697095566662030000000000000000000000000000000000 0.592592592592592559697095566662030000000000000000000000000000000000 0.592592592592592559697095566662030000000000000000000000000000000000 0.629629629629629650189315270836230000000000000000000000000000000000
Regular edge 8
0.592592592592592559697095566662030000000000000000000000000000000000 0.629629629629629650189315270836230000000000000000000000000000000000 0.555555555555555580227178325003480000000000000000000000000000000000 0.629629629629629650189315270836230000000000000000000000000000000000
Singular edge 13
0.592592592592592559697095566662030000000000000000000000000000000000 0.666666666666666629659232512494780000000000000000000000000000000000 0.592592592592592559697095566662030000000000000000000000000000000000 0.703703703703703720151452216668990000000000000000000000000000000000
Regular edge 9
0.629629629629629650189315270836230000000000000000000000000000000000 0.740740740740740699621369458327540000000000000000000000000000000000 0.629629629629629650189315270836230000000000000000000000000000000000 0.703703703703703720151452216668990000000000000000000000000000000000
Regular edge 10
0.629629629629629650189315270836230000000000000000000000000000000000 0.703703703703703720151452216668990000000000000000000000000000000000 0.666666666666666629659232512494780000000000000000000000000000000000 0.703703703703703720151452216668990000000000000000000000000000000000
Regular edge 11
0.666666666666666629659232512494780000000000000000000000000000000000 0.481481481481481454753890147912900000000000000000000000000000000000 0.666666666666666629659232512494780000000000000000000000000000000000 0.444444444444444419772821674996520000000000000000000000000000000000
Singular edge 14
0.666666666666666629659232512494780000000000000000000000000000000000 0.444444444444444419772821674996520000000000000000000000000000000000 0.703703703703703720151452216668990000000000000000000000000000000000 0.444444444444444419772821674996520000000000000000000000000000000000
Regular edge 12
0.629629629629629650189315270836230000000000000000000000000000000000 0.518518518518518489734958620829270000000000000000000000000000000000 0.629629629629629650189315270836230000000000000000000000000000000000 0.481481481481481454753890147912900000000000000000000000000000000000
Regular edge 13
0.629629629629629650189315270836230000000000000000000000000000000000 0.333333333333333314829616256247390000000000000000000000000000000000 0.629629629629629650189315270836230000000000000000000000000000000000 0.370370370370370349810684729163770000000000000000000000000000000000
Singular edge 15
0.629629629629629650189315270836230000000000000000000000000000000000 0.370370370370370349810684729163770000000000000000000000000000000000 0.592592592592592559697095566662030000000000000000000000000000000000 0.370370370370370349810684729163770000000000000000000000000000000000
Singular edge 16
0.666666666666666629659232512494780000000000000000000000000000000000 0.518518518518518489734958620829270000000000000000000000000000000000 0.666666666666666629659232512494780000000000000000000000000000000000 0.555555555555555580227178325003480000000000000000000000000000000000
Regular edge 14
0.666666666666666629659232512494780000000000000000000000000000000000 0.555555555555555580227178325003480000000000000000000000000000000000 0.629629629629629650189315270836230000000000000000000000000000000000 0.555555555555555580227178325003480000000000000000000000000000000000
Regular edge 15
0.629629629629629650189315270836230000000000000000000000000000000000 0.370370370370370349810684729163770000000000000000000000000000000000 0.629629629629629650189315270836230000000000000000000000000000000000 0.407407407407407384791753202080140000000000000000000000000000000000
Singular edge 17
0.629629629629629650189315270836230000000000000000000000000000000000 0.407407407407407384791753202080140000000000000000000000000000000000 0.592592592592592559697095566662030000000000000000000000000000000000 0.407407407407407384791753202080140000000000000000000000000000000000
Regular edge 16
0.592592592592592559697095566662030000000000000000000000000000000000 0.407407407407407384791753202080140000000000000000000000000000000000 0.592592592592592559697095566662030000000000000000000000000000000000 0.444444444444444419772821674996520000000000000000000000000000000000
Regular edge 17
0.555555555555555580227178325003480000000000000000000000000000000000 0.370370370370370349810684729163770000000000000000000000000000000000 0.555555555555555580227178325003480000000000000000000000000000000000 0.407407407407407384791753202080140000000000000000000000000000000000
Singular edge 18
0.555555555555555580227178325003480000000000000000000000000000000000 0.407407407407407384791753202080140000000000000000000000000000000000 0.518518518518518489734958620829270000000000000000000000000000000000 0.407407407407407384791753202080140000000000000000000000000000000000
Regular edge 18
0.666666666666666629659232512494780000000000000000000000000000000000 0.370370370370370349810684729163770000000000000000000000000000000000 0.629629629629629650189315270836230000000000000000000000000000000000 0.333333333333333314829616256247390000000000000000000000000000000000
Regular edge 19
0.518518518518518489734958620829270000000000000000000000000000000000 0.222222222222222209886410837498260000000000000000000000000000000000 0.518518518518518489734958620829270000000000000000000000000000000000 0.259259259259259244867479310414640000000000000000000000000000000000
Regular edge 20
0.555555555555555580227178325003480000000000000000000000000000000000 0.259259259259259244867479310414640000000000000000000000000000000000 0.555555555555555580227178325003480000000000000000000000000000000000 0.296296296296296279848547783331010000000000000000000000000000000000
Singular edge 19
0.555555555555555580227178325003480000000000000000000000000000000000 0.296296296296296279848547783331010000000000000000000000000000000000 0.518518518518518489734958620829270000000000000000000000000000000000 0.296296296296296279848547783331010000000000000000000000000000000000
Regular edge 21
0.481481481481481454753890147912900000000000000000000000000000000000 0.222222222222222209886410837498260000000000000000000000000000000000 0.481481481481481454753890147912900000000000000000000000000000000000 0.259259259259259244867479310414640000000000000000000000000000000000
Regular edge 22
0.481481481481481454753890147912900000000000000000000000000000000000 0.259259259259259244867479310414640000000000000000000000000000000000 0.444444444444444419772821674996520000000000000000000000000000000000 0.259259259259259244867479310414640000000000000000000000000000000000
Regular edge 23
0.629629629629629650189315270836230000000000000000000000000000000000 0.444444444444444419772821674996520000000000000000000000000000000000 0.629629629629629650189315270836230000000000000000000000000000000000 0.407407407407407384791753202080140000000000000000000000000000000000
Singular edge 20
0.703703703703703720151452216668990000000000000000000000000000000000 0.518518518518518489734958620829270000000000000000000000000000000000 0.703703703703703720151452216668990000000000000000000000000000000000 0.481481481481481454753890147912900000000000000000000000000000000000
Regular edge 24
0.296296296296296279848547783331010000000000000000000000000000000000 0.074074074074074069962136945832750000000000000000000000000000000000 0.333333333333333314829616256247390000000000000000000000000000000000 0.074074074074074069962136945832750000000000000000000000000000000000
Singular edge 21
0.296296296296296279848547783331010000000000000000000000000000000000 0.111111111111111104943205418749130000000000000000000000000000000000 0.296296296296296279848547783331010000000000000000000000000000000000 0.074074074074074069962136945832750000000000000000000000000000000000
Regular edge 25
0.296296296296296279848547783331010000000000000000000000000000000000 0.037037037037037034981068472916380000000000000000000000000000000000 0.296296296296296279848547783331010000000000000000000000000000000000 0.074074074074074069962136945832750000000000000000000000000000000000
Regular edge 26
0.333333333333333314829616256247390000000000000000000000000000000000 0.185185185185185174905342364581880000000000000000000000000000000000 0.333333333333333314829616256247390000000000000000000000000000000000 0.148148148148148139924273891665510000000000000000000000000000000000
Regular edge 27
0.333333333333333314829616256247390000000000000000000000000000000000 0.148148148148148139924273891665510000000000000000000000000000000000 0.370370370370370349810684729163770000000000000000000000000000000000 0.148148148148148139924273891665510000000000000000000000000000000000
Singular edge 22
0.444444444444444419772821674996520000000000000000000000000000000000 0.222222222222222209886410837498260000000000000000000000000000000000 0.444444444444444419772821674996520000000000000000000000000000000000 0.259259259259259244867479310414640000000000000000000000000000000000
Regular edge 28
0.370370370370370349810684729163770000000000000000000000000000000000 0.037037037037037034981068472916380000000000000000000000000000000000 0.333333333333333314829616256247390000000000000000000000000000000000 0.037037037037037034981068472916380000000000000000000000000000000000
Regular edge 29
0.370370370370370349810684729163770000000000000000000000000000000000 0.111111111111111104943205418749130000000000000000000000000000000000 0.370370370370370349810684729163770000000000000000000000000000000000 0.074074074074074069962136945832750000000000000000000000000000000000
Regular edge 30
0.370370370370370349810684729163770000000000000000000000000000000000 0.037037037037037034981068472916380000000000000000000000000000000000 0.407407407407407384791753202080140000000000000000000000000000000000 0.074074074074074069962136945832750000000000000000000000000000000000
Singular edge 23
0.370370370370370349810684729163770000000000000000000000000000000000 0.111111111111111104943205418749130000000000000000000000000000000000 0.333333333333333314829616256247390000000000000000000000000000000000 0.111111111111111104943205418749130000000000000000000000000000000000
Singular edge 24
0.407407407407407384791753202080140000000000000000000000000000000000 0.111111111111111104943205418749130000000000000000000000000000000000 0.444444444444444419772821674996520000000000000000000000000000000000 0.111111111111111104943205418749130000000000000000000000000000000000
Regular edge 31
0.407407407407407384791753202080140000000000000000000000000000000000 0.148148148148148139924273891665510000000000000000000000000000000000 0.407407407407407384791753202080140000000000000000000000000000000000 0.111111111111111104943205418749130000000000000000000000000000000000
Regular edge 32
0.407407407407407384791753202080140000000000000000000000000000000000 0.074074074074074069962136945832750000000000000000000000000000000000 0.407407407407407384791753202080140000000000000000000000000000000000 0.111111111111111104943205418749130000000000000000000000000000000000
Singular edge 25
0.481481481481481454753890147912900000000000000000000000000000000000 0.222222222222222209886410837498260000000000000000000000000000000000 0.444444444444444419772821674996520000000000000000000000000000000000 0.222222222222222209886410837498260000000000000000000000000000000000
Regular edge 33
0.481481481481481454753890147912900000000000000000000000000000000000 0.185185185185185174905342364581880000000000000000000000000000000000 0.481481481481481454753890147912900000000000000000000000000000000000 0.222222222222222209886410837498260000000000000000000000000000000000
Regular edge 34
0.444444444444444419772821674996520000000000000000000000000000000000 0.148148148148148139924273891665510000000000000000000000000000000000 0.407407407407407384791753202080140000000000000000000000000000000000 0.148148148148148139924273891665510000000000000000000000000000000000
Singular edge 26
0.555555555555555580227178325003480000000000000000000000000000000000 0.222222222222222209886410837498260000000000000000000000000000000000 0.518518518518518489734958620829270000000000000000000000000000000000 0.222222222222222209886410837498260000000000000000000000000000000000
Regular edge 35
0.518518518518518489734958620829270000000000000000000000000000000000 0.222222222222222209886410837498260000000000000000000000000000000000 0.481481481481481454753890147912900000000000000000000000000000000000 0.185185185185185174905342364581880000000000000000000000000000000000
Regular edge 36
0.481481481481481454753890147912900000000000000000000000000000000000 0.185185185185185174905342364581880000000000000000000000000000000000 0.444444444444444419772821674996520000000000000000000000000000000000 0.185185185185185174905342364581880000000000000000000000000000000000
Regular edge 37
0.555555555555555580227178325003480000000000000000000000000000000000 0.370370370370370349810684729163770000000000000000000000000000000000 0.555555555555555580227178325003480000000000000000000000000000000000 0.333333333333333314829616256247390000000000000000000000000000000000
Singular edge 27
0.555555555555555580227178325003480000000000000000000000000000000000 0.259259259259259244867479310414640000000000000000000000000000000000 0.518518518518518489734958620829270000000000000000000000000000000000 0.259259259259259244867479310414640000000000000000000000000000000000
Singular edge 28
0.555555555555555580227178325003480000000000000000000000000000000000 0.222222222222222209886410837498260000000000000000000000000000000000 0.555555555555555580227178325003480000000000000000000000000000000000 0.259259259259259244867479310414640000000000000000000000000000000000
Regular edge 38
0.518518518518518489734958620829270000000000000000000000000000000000 0.296296296296296279848547783331010000000000000000000000000000000000 0.518518518518518489734958620829270000000000000000000000000000000000 0.333333333333333314829616256247390000000000000000000000000000000000
Regular edge 39
0.518518518518518489734958620829270000000000000000000000000000000000 0.333333333333333314829616256247390000000000000000000000000000000000 0.518518518518518489734958620829270000000000000000000000000000000000 0.370370370370370349810684729163770000000000000000000000000000000000
Regular edge 40
0.518518518518518489734958620829270000000000000000000000000000000000 0.370370370370370349810684729163770000000000000000000000000000000000 0.481481481481481454753890147912900000000000000000000000000000000000 0.333333333333333314829616256247390000000000000000000000000000000000
Regular edge 41
0.518518518518518489734958620829270000000000000000000000000000000000 0.259259259259259244867479310414640000000000000000000000000000000000 0.518518518518518489734958620829270000000000000000000000000000000000 0.296296296296296279848547783331010000000000000000000000000000000000
Regular edge 42
0.444444444444444419772821674996520000000000000000000000000000000000 0.296296296296296279848547783331010000000000000000000000000000000000 0.481481481481481454753890147912900000000000000000000000000000000000 0.296296296296296279848547783331010000000000000000000000000000000000
Regular edge 43
0.481481481481481454753890147912900000000000000000000000000000000000 0.296296296296296279848547783331010000000000000000000000000000000000 0.481481481481481454753890147912900000000000000000000000000000000000 0.333333333333333314829616256247390000000000000000000000000000000000
Regular edge 44
0.481481481481481454753890147912900000000000000000000000000000000000 0.185185185185185174905342364581880000000000000000000000000000000000 0.444444444444444419772821674996520000000000000000000000000000000000 0.148148148148148139924273891665510000000000000000000000000000000000
Singular edge 29
0.444444444444444419772821674996520000000000000000000000000000000000 0.148148148148148139924273891665510000000000000000000000000000000000 0.444444444444444419772821674996520000000000000000000000000000000000 0.111111111111111104943205418749130000000000000000000000000000000000
Singular edge 30
0.444444444444444419772821674996520000000000000000000000000000000000 0.185185185185185174905342364581880000000000000000000000000000000000 0.444444444444444419772821674996520000000000000000000000000000000000 0.222222222222222209886410837498260000000000000000000000000000000000
Singular edge 31
0.444444444444444419772821674996520000000000000000000000000000000000 0.222222222222222209886410837498260000000000000000000000000000000000 0.407407407407407384791753202080140000000000000000000000000000000000 0.222222222222222209886410837498260000000000000000000000000000000000
Regular edge 45
0.407407407407407384791753202080140000000000000000000000000000000000 0.222222222222222209886410837498260000000000000000000000000000000000 0.407407407407407384791753202080140000000000000000000000000000000000 0.185185185185185174905342364581880000000000000000000000000000000000
Regular edge 46
0.407407407407407384791753202080140000000000000000000000000000000000 0.185185185185185174905342364581880000000000000000000000000000000000 0.444444444444444419772821674996520000000000000000000000000000000000 0.185185185185185174905342364581880000000000000000000000000000000000
Regular edge 47
0.333333333333333314829616256247390000000000000000000000000000000000 0.185185185185185174905342364581880000000000000000000000000000000000 0.370370370370370349810684729163770000000000000000000000000000000000 0.185185185185185174905342364581880000000000000000000000000000000000
Regular edge 48
0.370370370370370349810684729163770000000000000000000000000000000000 0.185185185185185174905342364581880000000000000000000000000000000000 0.407407407407407384791753202080140000000000000000000000000000000000 0.222222222222222209886410837498260000000000000000000000000000000000
Regular edge 49
0.444444444444444419772821674996520000000000000000000000000000000000 0.259259259259259244867479310414640000000000000000000000000000000000 0.444444444444444419772821674996520000000000000000000000000000000000 0.296296296296296279848547783331010000000000000000000000000000000000
Regular edge 50
0.481481481481481454753890147912900000000000000000000000000000000000 0.444444444444444419772821674996520000000000000000000000000000000000 0.481481481481481454753890147912900000000000000000000000000000000000 0.481481481481481454753890147912900000000000000000000000000000000000
Regular edge 51
0.481481481481481454753890147912900000000000000000000000000000000000 0.481481481481481454753890147912900000000000000000000000000000000000 0.444444444444444419772821674996520000000000000000000000000000000000 0.481481481481481454753890147912900000000000000000000000000000000000
Regular edge 52
0.444444444444444419772821674996520000000000000000000000000000000000 0.518518518518518489734958620829270000000000000000000000000000000000 0.407407407407407384791753202080140000000000000000000000000000000000 0.518518518518518489734958620829270000000000000000000000000000000000
Regular edge 53
0.555555555555555580227178325003480000000000000000000000000000000000 0.444444444444444419772821674996520000000000000000000000000000000000 0.555555555555555580227178325003480000000000000000000000000000000000 0.407407407407407384791753202080140000000000000000000000000000000000
Singular edge 32
0.444444444444444419772821674996520000000000000000000000000000000000 0.518518518518518489734958620829270000000000000000000000000000000000 0.444444444444444419772821674996520000000000000000000000000000000000 0.555555555555555580227178325003480000000000000000000000000000000000
Regular edge 54
0.444444444444444419772821674996520000000000000000000000000000000000 0.555555555555555580227178325003480000000000000000000000000000000000 0.407407407407407384791753202080140000000000000000000000000000000000 0.555555555555555580227178325003480000000000000000000000000000000000
Singular edge 33
0.444444444444444419772821674996520000000000000000000000000000000000 0.481481481481481454753890147912900000000000000000000000000000000000 0.444444444444444419772821674996520000000000000000000000000000000000 0.444444444444444419772821674996520000000000000000000000000000000000
Singular edge 34
0.444444444444444419772821674996520000000000000000000000000000000000 0.444444444444444419772821674996520000000000000000000000000000000000 0.481481481481481454753890147912900000000000000000000000000000000000 0.444444444444444419772821674996520000000000000000000000000000000000
Regular edge 55
0.444444444444444419772821674996520000000000000000000000000000000000 0.481481481481481454753890147912900000000000000000000000000000000000 0.407407407407407384791753202080140000000000000000000000000000000000 0.481481481481481454753890147912900000000000000000000000000000000000
Regular edge 56
0.407407407407407384791753202080140000000000000000000000000000000000 0.481481481481481454753890147912900000000000000000000000000000000000 0.407407407407407384791753202080140000000000000000000000000000000000 0.518518518518518489734958620829270000000000000000000000000000000000
Singular edge 35
0.407407407407407384791753202080140000000000000000000000000000000000 0.518518518518518489734958620829270000000000000000000000000000000000 0.407407407407407384791753202080140000000000000000000000000000000000 0.555555555555555580227178325003480000000000000000000000000000000000
Regular edge 57
0.444444444444444419772821674996520000000000000000000000000000000000 0.555555555555555580227178325003480000000000000000000000000000000000 0.481481481481481454753890147912900000000000000000000000000000000000 0.555555555555555580227178325003480000000000000000000000000000000000
Regular edge 58
0.407407407407407384791753202080140000000000000000000000000000000000 0.592592592592592559697095566662030000000000000000000000000000000000 0.444444444444444419772821674996520000000000000000000000000000000000 0.592592592592592559697095566662030000000000000000000000000000000000
Singular edge 36
0.444444444444444419772821674996520000000000000000000000000000000000 0.592592592592592559697095566662030000000000000000000000000000000000 0.444444444444444419772821674996520000000000000000000000000000000000 0.629629629629629650189315270836230000000000000000000000000000000000
Regular edge 59
0.444444444444444419772821674996520000000000000000000000000000000000 0.666666666666666629659232512494780000000000000000000000000000000000 0.444444444444444419772821674996520000000000000000000000000000000000 0.629629629629629650189315270836230000000000000000000000000000000000
Regular edge 60
0.444444444444444419772821674996520000000000000000000000000000000000 0.629629629629629650189315270836230000000000000000000000000000000000 0.481481481481481454753890147912900000000000000000000000000000000000 0.629629629629629650189315270836230000000000000000000000000000000000
Regular edge 61
0.444444444444444419772821674996520000000000000000000000000000000000 0.666666666666666629659232512494780000000000000000000000000000000000 0.481481481481481454753890147912900000000000000000000000000000000000 0.666666666666666629659232512494780000000000000000000000000000000000
Singular edge 37
0.481481481481481454753890147912900000000000000000000000000000000000 0.666666666666666629659232512494780000000000000000000000000000000000 0.481481481481481454753890147912900000000000000000000000000000000000 0.703703703703703720151452216668990000000000000000000000000000000000
Singular edge 38
0.481481481481481454753890147912900000000000000000000000000000000000 0.592592592592592559697095566662030000000000000000000000000000000000 0.481481481481481454753890147912900000000000000000000000000000000000 0.629629629629629650189315270836230000000000000000000000000000000000
Regular edge 62
0.481481481481481454753890147912900000000000000000000000000000000000 0.703703703703703720151452216668990000000000000000000000000000000000 0.481481481481481454753890147912900000000000000000000000000000000000 0.740740740740740699621369458327540000000000000000000000000000000000
Regular edge 63
0.481481481481481454753890147912900000000000000000000000000000000000 0.592592592592592559697095566662030000000000000000000000000000000000 0.444444444444444419772821674996520000000000000000000000000000000000 0.592592592592592559697095566662030000000000000000000000000000000000
Regular edge 64
0.481481481481481454753890147912900000000000000000000000000000000000 0.592592592592592559697095566662030000000000000000000000000000000000 0.518518518518518489734958620829270000000000000000000000000000000000 0.555555555555555580227178325003480000000000000000000000000000000000
Regular edge 65
0.518518518518518489734958620829270000000000000000000000000000000000 0.703703703703703720151452216668990000000000000000000000000000000000 0.481481481481481454753890147912900000000000000000000000000000000000 0.703703703703703720151452216668990000000000000000000000000000000000
Singular edge 39
0.518518518518518489734958620829270000000000000000000000000000000000 0.666666666666666629659232512494780000000000000000000000000000000000 0.518518518518518489734958620829270000000000000000000000000000000000 0.703703703703703720151452216668990000000000000000000000000000000000
Regular edge 66
0.555555555555555580227178325003480000000000000000000000000000000000 0.740740740740740699621369458327540000000000000000000000000000000000 0.555555555555555580227178325003480000000000000000000000000000000000 0.703703703703703720151452216668990000000000000000000000000000000000
Regular edge 67
0.555555555555555580227178325003480000000000000000000000000000000000 0.703703703703703720151452216668990000000000000000000000000000000000 0.592592592592592559697095566662030000000000000000000000000000000000 0.703703703703703720151452216668990000000000000000000000000000000000
Regular edge 68
0.481481481481481454753890147912900000000000000000000000000000000000 0.666666666666666629659232512494780000000000000000000000000000000000 0.518518518518518489734958620829270000000000000000000000000000000000 0.666666666666666629659232512494780000000000000000000000000000000000
Singular edge 40
0.555555555555555580227178325003480000000000000000000000000000000000 0.740740740740740699621369458327540000000000000000000000000000000000 0.518518518518518489734958620829270000000000000000000000000000000000 0.740740740740740699621369458327540000000000000000000000000000000000
Regular edge 69
0.481481481481481454753890147912900000000000000000000000000000000000 0.740740740740740699621369458327540000000000000000000000000000000000 0.518518518518518489734958620829270000000000000000000000000000000000 0.740740740740740699621369458327540000000000000000000000000000000000
Regular edge 70
0.481481481481481454753890147912900000000000000000000000000000000000 0.629629629629629650189315270836230000000000000000000000000000000000 0.518518518518518489734958620829270000000000000000000000000000000000 0.629629629629629650189315270836230000000000000000000000000000000000
Singular edge 41
0.518518518518518489734958620829270000000000000000000000000000000000 0.666666666666666629659232512494780000000000000000000000000000000000 0.555555555555555580227178325003480000000000000000000000000000000000 0.666666666666666629659232512494780000000000000000000000000000000000
Regular edge 71
0.518518518518518489734958620829270000000000000000000000000000000000 0.629629629629629650189315270836230000000000000000000000000000000000 0.518518518518518489734958620829270000000000000000000000000000000000 0.666666666666666629659232512494780000000000000000000000000000000000
Regular edge 72
0.481481481481481454753890147912900000000000000000000000000000000000 0.555555555555555580227178325003480000000000000000000000000000000000 0.518518518518518489734958620829270000000000000000000000000000000000 0.555555555555555580227178325003480000000000000000000000000000000000
Singular edge 42
0.481481481481481454753890147912900000000000000000000000000000000000 0.518518518518518489734958620829270000000000000000000000000000000000 0.481481481481481454753890147912900000000000000000000000000000000000 0.555555555555555580227178325003480000000000000000000000000000000000
Regular edge 73
0.555555555555555580227178325003480000000000000000000000000000000000 0.518518518518518489734958620829270000000000000000000000000000000000 0.555555555555555580227178325003480000000000000000000000000000000000 0.481481481481481454753890147912900000000000000000000000000000000000
Singular edge 43
0.518518518518518489734958620829270000000000000000000000000000000000 0.518518518518518489734958620829270000000000000000000000000000000000 0.518518518518518489734958620829270000000000000000000000000000000000 0.555555555555555580227178325003480000000000000000000000000000000000
Regular edge 74
0.481481481481481454753890147912900000000000000000000000000000000000 0.518518518518518489734958620829270000000000000000000000000000000000 0.518518518518518489734958620829270000000000000000000000000000000000 0.518518518518518489734958620829270000000000000000000000000000000000
Regular edge 75
0.481481481481481454753890147912900000000000000000000000000000000000 0.518518518518518489734958620829270000000000000000000000000000000000 0.444444444444444419772821674996520000000000000000000000000000000000 0.518518518518518489734958620829270000000000000000000000000000000000
Singular edge 44
0.518518518518518489734958620829270000000000000000000000000000000000 0.481481481481481454753890147912900000000000000000000000000000000000 0.555555555555555580227178325003480000000000000000000000000000000000 0.481481481481481454753890147912900000000000000000000000000000000000
Regular edge 76
0.518518518518518489734958620829270000000000000000000000000000000000 0.518518518518518489734958620829270000000000000000000000000000000000 0.518518518518518489734958620829270000000000000000000000000000000000 0.481481481481481454753890147912900000000000000000000000000000000000
Regular edge 77
0.518518518518518489734958620829270000000000000000000000000000000000 0.444444444444444419772821674996520000000000000000000000000000000000 0.518518518518518489734958620829270000000000000000000000000000000000 0.481481481481481454753890147912900000000000000000000000000000000000
Regular edge 78
0.518518518518518489734958620829270000000000000000000000000000000000 0.407407407407407384791753202080140000000000000000000000000000000000 0.481481481481481454753890147912900000000000000000000000000000000000 0.444444444444444419772821674996520000000000000000000000000000000000
Regular edge 79
0.518518518518518489734958620829270000000000000000000000000000000000 0.407407407407407384791753202080140000000000000000000000000000000000 0.518518518518518489734958620829270000000000000000000000000000000000 0.444444444444444419772821674996520000000000000000000000000000000000
Singular edge 45
0.518518518518518489734958620829270000000000000000000000000000000000 0.407407407407407384791753202080140000000000000000000000000000000000 0.518518518518518489734958620829270000000000000000000000000000000000 0.370370370370370349810684729163770000000000000000000000000000000000
Singular edge 46
0.518518518518518489734958620829270000000000000000000000000000000000 0.370370370370370349810684729163770000000000000000000000000000000000 0.555555555555555580227178325003480000000000000000000000000000000000 0.370370370370370349810684729163770000000000000000000000000000000000
Regular edge 80
0.592592592592592559697095566662030000000000000000000000000000000000 0.555555555555555580227178325003480000000000000000000000000000000000 0.555555555555555580227178325003480000000000000000000000000000000000 0.555555555555555580227178325003480000000000000000000000000000000000
Singular edge 47
0.592592592592592559697095566662030000000000000000000000000000000000 0.518518518518518489734958620829270000000000000000000000000000000000 0.592592592592592559697095566662030000000000000000000000000000000000 0.555555555555555580227178325003480000000000000000000000000000000000
Regular edge 81
0.592592592592592559697095566662030000000000000000000000000000000000 0.592592592592592559697095566662030000000000000000000000000000000000 0.592592592592592559697095566662030000000000000000000000000000000000 0.555555555555555580227178325003480000000000000000000000000000000000
Singular edge 48
0.592592592592592559697095566662030000000000000000000000000000000000 0.555555555555555580227178325003480000000000000000000000000000000000 0.629629629629629650189315270836230000000000000000000000000000000000 0.555555555555555580227178325003480000000000000000000000000000000000
Regular edge 82
0.592592592592592559697095566662030000000000000000000000000000000000 0.592592592592592559697095566662030000000000000000000000000000000000 0.555555555555555580227178325003480000000000000000000000000000000000 0.592592592592592559697095566662030000000000000000000000000000000000
Regular edge 83
0.629629629629629650189315270836230000000000000000000000000000000000 0.555555555555555580227178325003480000000000000000000000000000000000 0.629629629629629650189315270836230000000000000000000000000000000000 0.592592592592592559697095566662030000000000000000000000000000000000
Singular edge 49
0.629629629629629650189315270836230000000000000000000000000000000000 0.592592592592592559697095566662030000000000000000000000000000000000 0.592592592592592559697095566662030000000000000000000000000000000000 0.592592592592592559697095566662030000000000000000000000000000000000
Regular edge 84
0.666666666666666629659232512494780000000000000000000000000000000000 0.666666666666666629659232512494780000000000000000000000000000000000 0.629629629629629650189315270836230000000000000000000000000000000000 0.666666666666666629659232512494780000000000000000000000000000000000
Regular edge 85
0.666666666666666629659232512494780000000000000000000000000000000000 0.629629629629629650189315270836230000000000000000000000000000000000 0.666666666666666629659232512494780000000000000000000000000000000000 0.666666666666666629659232512494780000000000000000000000000000000000
Singular edge 50
0.592592592592592559697095566662030000000000000000000000000000000000 0.740740740740740699621369458327540000000000000000000000000000000000 0.629629629629629650189315270836230000000000000000000000000000000000 0.740740740740740699621369458327540000000000000000000000000000000000
Regular edge 86
0.555555555555555580227178325003480000000000000000000000000000000000 0.666666666666666629659232512494780000000000000000000000000000000000 0.555555555555555580227178325003480000000000000000000000000000000000 0.629629629629629650189315270836230000000000000000000000000000000000
Singular edge 51
0.555555555555555580227178325003480000000000000000000000000000000000 0.666666666666666629659232512494780000000000000000000000000000000000 0.555555555555555580227178325003480000000000000000000000000000000000 0.703703703703703720151452216668990000000000000000000000000000000000
Regular edge 87
0.555555555555555580227178325003480000000000000000000000000000000000 0.666666666666666629659232512494780000000000000000000000000000000000 0.592592592592592559697095566662030000000000000000000000000000000000 0.666666666666666629659232512494780000000000000000000000000000000000
Regular edge 88
0.592592592592592559697095566662030000000000000000000000000000000000 0.703703703703703720151452216668990000000000000000000000000000000000 0.592592592592592559697095566662030000000000000000000000000000000000 0.740740740740740699621369458327540000000000000000000000000000000000
Regular edge 89
0.592592592592592559697095566662030000000000000000000000000000000000 0.740740740740740699621369458327540000000000000000000000000000000000 0.555555555555555580227178325003480000000000000000000000000000000000 0.740740740740740699621369458327540000000000000000000000000000000000
Singular edge 52
0.592592592592592559697095566662030000000000000000000000000000000000 0.666666666666666629659232512494780000000000000000000000000000000000 0.629629629629629650189315270836230000000000000000000000000000000000 0.666666666666666629659232512494780000000000000000000000000000000000
Singular edge 53
0.592592592592592559697095566662030000000000000000000000000000000000 0.703703703703703720151452216668990000000000000000000000000000000000 0.629629629629629650189315270836230000000000000000000000000000000000 0.703703703703703720151452216668990000000000000000000000000000000000
Singular edge 54
0.629629629629629650189315270836230000000000000000000000000000000000 0.666666666666666629659232512494780000000000000000000000000000000000 0.629629629629629650189315270836230000000000000000000000000000000000 0.703703703703703720151452216668990000000000000000000000000000000000
Singular edge 55
0.592592592592592559697095566662030000000000000000000000000000000000 0.629629629629629650189315270836230000000000000000000000000000000000 0.629629629629629650189315270836230000000000000000000000000000000000 0.629629629629629650189315270836230000000000000000000000000000000000
Regular edge 90
0.592592592592592559697095566662030000000000000000000000000000000000 0.666666666666666629659232512494780000000000000000000000000000000000 0.592592592592592559697095566662030000000000000000000000000000000000 0.629629629629629650189315270836230000000000000000000000000000000000
Singular edge 56
0.629629629629629650189315270836230000000000000000000000000000000000 0.592592592592592559697095566662030000000000000000000000000000000000 0.629629629629629650189315270836230000000000000000000000000000000000 0.629629629629629650189315270836230000000000000000000000000000000000
Singular edge 57
0.703703703703703720151452216668990000000000000000000000000000000000 0.703703703703703720151452216668990000000000000000000000000000000000 0.703703703703703720151452216668990000000000000000000000000000000000 0.666666666666666629659232512494780000000000000000000000000000000000
Regular edge 91
0.629629629629629650189315270836230000000000000000000000000000000000 0.740740740740740699621369458327540000000000000000000000000000000000 0.666666666666666629659232512494780000000000000000000000000000000000 0.740740740740740699621369458327540000000000000000000000000000000000
Regular edge 92
0.666666666666666629659232512494780000000000000000000000000000000000 0.703703703703703720151452216668990000000000000000000000000000000000 0.666666666666666629659232512494780000000000000000000000000000000000 0.740740740740740699621369458327540000000000000000000000000000000000
Singular edge 58
0.666666666666666629659232512494780000000000000000000000000000000000 0.703703703703703720151452216668990000000000000000000000000000000000 0.703703703703703720151452216668990000000000000000000000000000000000 0.703703703703703720151452216668990000000000000000000000000000000000
Singular edge 59
0.666666666666666629659232512494780000000000000000000000000000000000 0.666666666666666629659232512494780000000000000000000000000000000000 0.666666666666666629659232512494780000000000000000000000000000000000 0.703703703703703720151452216668990000000000000000000000000000000000
Singular edge 60
0.666666666666666629659232512494780000000000000000000000000000000000 0.666666666666666629659232512494780000000000000000000000000000000000 0.703703703703703720151452216668990000000000000000000000000000000000 0.666666666666666629659232512494780000000000000000000000000000000000
Regular edge 93
0.629629629629629650189315270836230000000000000000000000000000000000 0.592592592592592559697095566662030000000000000000000000000000000000 0.666666666666666629659232512494780000000000000000000000000000000000 0.592592592592592559697095566662030000000000000000000000000000000000
Singular edge 61
0.703703703703703720151452216668990000000000000000000000000000000000 0.666666666666666629659232512494780000000000000000000000000000000000 0.703703703703703720151452216668990000000000000000000000000000000000 0.629629629629629650189315270836230000000000000000000000000000000000
Singular edge 62
0.703703703703703720151452216668990000000000000000000000000000000000 0.629629629629629650189315270836230000000000000000000000000000000000 0.703703703703703720151452216668990000000000000000000000000000000000 0.592592592592592559697095566662030000000000000000000000000000000000
Regular edge 94
0.666666666666666629659232512494780000000000000000000000000000000000 0.629629629629629650189315270836230000000000000000000000000000000000 0.629629629629629650189315270836230000000000000000000000000000000000 0.629629629629629650189315270836230000000000000000000000000000000000
Singular edge 63
0.666666666666666629659232512494780000000000000000000000000000000000 0.592592592592592559697095566662030000000000000000000000000000000000 0.666666666666666629659232512494780000000000000000000000000000000000 0.629629629629629650189315270836230000000000000000000000000000000000
Singular edge 64
0.666666666666666629659232512494780000000000000000000000000000000000 0.629629629629629650189315270836230000000000000000000000000000000000 0.703703703703703720151452216668990000000000000000000000000000000000 0.629629629629629650189315270836230000000000000000000000000000000000
Regular edge 95
0.629629629629629650189315270836230000000000000000000000000000000000 0.666666666666666629659232512494780000000000000000000000000000000000 0.629629629629629650189315270836230000000000000000000000000000000000 0.629629629629629650189315270836230000000000000000000000000000000000
Singular edge 65
0.703703703703703720151452216668990000000000000000000000000000000000 0.518518518518518489734958620829270000000000000000000000000000000000 0.703703703703703720151452216668990000000000000000000000000000000000 0.555555555555555580227178325003480000000000000000000000000000000000
Singular edge 66
0.703703703703703720151452216668990000000000000000000000000000000000 0.555555555555555580227178325003480000000000000000000000000000000000 0.666666666666666629659232512494780000000000000000000000000000000000 0.555555555555555580227178325003480000000000000000000000000000000000
Singular edge 67
0.666666666666666629659232512494780000000000000000000000000000000000 0.592592592592592559697095566662030000000000000000000000000000000000 0.703703703703703720151452216668990000000000000000000000000000000000 0.592592592592592559697095566662030000000000000000000000000000000000
Singular edge 68
0.703703703703703720151452216668990000000000000000000000000000000000 0.592592592592592559697095566662030000000000000000000000000000000000 0.703703703703703720151452216668990000000000000000000000000000000000 0.555555555555555580227178325003480000000000000000000000000000000000
Singular edge 69
0.666666666666666629659232512494780000000000000000000000000000000000 0.518518518518518489734958620829270000000000000000000000000000000000 0.703703703703703720151452216668990000000000000000000000000000000000 0.518518518518518489734958620829270000000000000000000000000000000000
Regular edge 96
0.666666666666666629659232512494780000000000000000000000000000000000 0.407407407407407384791753202080140000000000000000000000000000000000 0.666666666666666629659232512494780000000000000000000000000000000000 0.444444444444444419772821674996520000000000000000000000000000000000
Singular edge 70
0.703703703703703720151452216668990000000000000000000000000000000000 0.481481481481481454753890147912900000000000000000000000000000000000 0.703703703703703720151452216668990000000000000000000000000000000000 0.444444444444444419772821674996520000000000000000000000000000000000
Singular edge 71
0.703703703703703720151452216668990000000000000000000000000000000000 0.481481481481481454753890147912900000000000000000000000000000000000 0.666666666666666629659232512494780000000000000000000000000000000000 0.481481481481481454753890147912900000000000000000000000000000000000
Singular edge 72
0.629629629629629650189315270836230000000000000000000000000000000000 0.518518518518518489734958620829270000000000000000000000000000000000 0.629629629629629650189315270836230000000000000000000000000000000000 0.555555555555555580227178325003480000000000000000000000000000000000
Regular edge 97
0.666666666666666629659232512494780000000000000000000000000000000000 0.518518518518518489734958620829270000000000000000000000000000000000 0.666666666666666629659232512494780000000000000000000000000000000000 0.481481481481481454753890147912900000000000000000000000000000000000
Regular edge 98
0.666666666666666629659232512494780000000000000000000000000000000000 0.592592592592592559697095566662030000000000000000000000000000000000 0.666666666666666629659232512494780000000000000000000000000000000000 0.555555555555555580227178325003480000000000000000000000000000000000
Regular edge 99
0.592592592592592559697095566662030000000000000000000000000000000000 0.518518518518518489734958620829270000000000000000000000000000000000 0.592592592592592559697095566662030000000000000000000000000000000000 0.481481481481481454753890147912900000000000000000000000000000000000
Singular edge 73
0.592592592592592559697095566662030000000000000000000000000000000000 0.481481481481481454753890147912900000000000000000000000000000000000 0.629629629629629650189315270836230000000000000000000000000000000000 0.481481481481481454753890147912900000000000000000000000000000000000
Regular edge 100
0.629629629629629650189315270836230000000000000000000000000000000000 0.518518518518518489734958620829270000000000000000000000000000000000 0.666666666666666629659232512494780000000000000000000000000000000000 0.518518518518518489734958620829270000000000000000000000000000000000
Regular edge 101
0.592592592592592559697095566662030000000000000000000000000000000000 0.518518518518518489734958620829270000000000000000000000000000000000 0.555555555555555580227178325003480000000000000000000000000000000000 0.518518518518518489734958620829270000000000000000000000000000000000
Singular edge 74
0.592592592592592559697095566662030000000000000000000000000000000000 0.518518518518518489734958620829270000000000000000000000000000000000 0.629629629629629650189315270836230000000000000000000000000000000000 0.518518518518518489734958620829270000000000000000000000000000000000
Singular edge 75
0.555555555555555580227178325003480000000000000000000000000000000000 0.555555555555555580227178325003480000000000000000000000000000000000 0.555555555555555580227178325003480000000000000000000000000000000000 0.518518518518518489734958620829270000000000000000000000000000000000
Regular edge 102
0.555555555555555580227178325003480000000000000000000000000000000000 0.481481481481481454753890147912900000000000000000000000000000000000 0.555555555555555580227178325003480000000000000000000000000000000000 0.444444444444444419772821674996520000000000000000000000000000000000
Regular edge 103
0.629629629629629650189315270836230000000000000000000000000000000000 0.444444444444444419772821674996520000000000000000000000000000000000 0.629629629629629650189315270836230000000000000000000000000000000000 0.481481481481481454753890147912900000000000000000000000000000000000
Regular edge 104
0.592592592592592559697095566662030000000000000000000000000000000000 0.370370370370370349810684729163770000000000000000000000000000000000 0.592592592592592559697095566662030000000000000000000000000000000000 0.407407407407407384791753202080140000000000000000000000000000000000
Regular edge 105
0.555555555555555580227178325003480000000000000000000000000000000000 0.333333333333333314829616256247390000000000000000000000000000000000 0.555555555555555580227178325003480000000000000000000000000000000000 0.296296296296296279848547783331010000000000000000000000000000000000
Regular edge 106
0.592592592592592559697095566662030000000000000000000000000000000000 0.296296296296296279848547783331010000000000000000000000000000000000 0.555555555555555580227178325003480000000000000000000000000000000000 0.259259259259259244867479310414640000000000000000000000000000000000
Regular edge 107
0.592592592592592559697095566662030000000000000000000000000000000000 0.333333333333333314829616256247390000000000000000000000000000000000 0.592592592592592559697095566662030000000000000000000000000000000000 0.370370370370370349810684729163770000000000000000000000000000000000
Singular edge 76
0.629629629629629650189315270836230000000000000000000000000000000000 0.333333333333333314829616256247390000000000000000000000000000000000 0.592592592592592559697095566662030000000000000000000000000000000000 0.333333333333333314829616256247390000000000000000000000000000000000
Regular edge 108
0.592592592592592559697095566662030000000000000000000000000000000000 0.333333333333333314829616256247390000000000000000000000000000000000 0.592592592592592559697095566662030000000000000000000000000000000000 0.296296296296296279848547783331010000000000000000000000000000000000
Regular edge 109
0.666666666666666629659232512494780000000000000000000000000000000000 0.370370370370370349810684729163770000000000000000000000000000000000 0.666666666666666629659232512494780000000000000000000000000000000000 0.407407407407407384791753202080140000000000000000000000000000000000
Triangles: 81
Regular Edges: 109
Singular Edges: 76
------------------------------------------
