------------------------------------------
Triangles: 0
Regular Edges: 0
Singular Edges: 0
------------------------------------------
------------------------------------------
Triangle 1
-130.421333333333336668147239834070205688476562500000000000000000 -132.389333333333325981584494002163410186767578125000000000000000 -130.415999999999996816768543794751167297363281250000000000000000 -132.405333333333317114011151716113090515136718750000000000000000 -130.405333333333317114011151716113090515136718750000000000000000 -132.400000000000005684341886080801486968994140625000000000000000
Triangle 2
-130.207999999999998408384271897375583648681640625000000000000000 -132.192000000000007275957614183425903320312500000000000000000000 -130.202666666666658557005575858056545257568359375000000000000000 -132.207999999999998408384271897375583648681640625000000000000000 -130.186666666666667424578918144106864929199218750000000000000000 -132.192000000000007275957614183425903320312500000000000000000000
Triangle 3
-130.389333333333325981584494002163410186767578125000000000000000 -132.378666666666674700536532327532768249511718750000000000000000 -130.405333333333317114011151716113090515136718750000000000000000 -132.389333333333325981584494002163410186767578125000000000000000 -130.389333333333325981584494002163410186767578125000000000000000 -132.394666666666665832963190041482448577880859375000000000000000
Triangle 4
-130.389333333333325981584494002163410186767578125000000000000000 -132.394666666666665832963190041482448577880859375000000000000000 -130.405333333333317114011151716113090515136718750000000000000000 -132.389333333333325981584494002163410186767578125000000000000000 -130.405333333333317114011151716113090515136718750000000000000000 -132.400000000000005684341886080801486968994140625000000000000000
Triangle 5
-130.421333333333336668147239834070205688476562500000000000000000 -132.389333333333325981584494002163410186767578125000000000000000 -130.405333333333317114011151716113090515136718750000000000000000 -132.400000000000005684341886080801486968994140625000000000000000 -130.405333333333317114011151716113090515136718750000000000000000 -132.389333333333325981584494002163410186767578125000000000000000
Triangle 6
-130.389333333333325981584494002163410186767578125000000000000000 -132.378666666666674700536532327532768249511718750000000000000000 -130.394666666666665832963190041482448577880859375000000000000000 -132.373333333333334849157836288213729858398437500000000000000000 -130.405333333333317114011151716113090515136718750000000000000000 -132.389333333333325981584494002163410186767578125000000000000000
Triangle 7
-130.367999999999994997779140248894691467285156250000000000000000 -132.367999999999994997779140248894691467285156250000000000000000 -130.394666666666665832963190041482448577880859375000000000000000 -132.373333333333334849157836288213729858398437500000000000000000 -130.389333333333325981584494002163410186767578125000000000000000 -132.378666666666674700536532327532768249511718750000000000000000
Singular edge 1
-130.810666666666662649731733836233615875244140625000000000000000 -132.773333333333340533499722369015216827392578125000000000000000 -130.811920529801312795825651846826076507568359375000000000000000 -132.805298013245021593320416286587715148925781250000000000000000
Singular edge 2
-130.234666666666669243568321689963340759277343750000000000000000 -132.229333333333329392189625650644302368164062500000000000000000 -130.223999999999989540810929611325263977050781250000000000000000 -132.234666666666669243568321689963340759277343750000000000000000
Regular edge 1
-130.186666666666667424578918144106864929199218750000000000000000 -132.192000000000007275957614183425903320312500000000000000000000 -130.202666666666658557005575858056545257568359375000000000000000 -132.207999999999998408384271897375583648681640625000000000000000
Singular edge 3
-130.202666666666658557005575858056545257568359375000000000000000 -132.207999999999998408384271897375583648681640625000000000000000 -130.202666666666658557005575858056545257568359375000000000000000 -132.223999999999989540810929611325263977050781250000000000000000
Singular edge 4
-130.287999999999982492226990871131420135498046875000000000000000 -132.271999999999991359800333157181739807128906250000000000000000 -130.298666666666662194984382949769496917724609375000000000000000 -132.293333333333322343605686910450458526611328125000000000000000
Regular edge 2
-130.202666666666658557005575858056545257568359375000000000000000 -132.207999999999998408384271897375583648681640625000000000000000 -130.207999999999998408384271897375583648681640625000000000000000 -132.192000000000007275957614183425903320312500000000000000000000
Singular edge 5
-130.223999999999989540810929611325263977050781250000000000000000 -132.234666666666669243568321689963340759277343750000000000000000 -130.202666666666658557005575858056545257568359375000000000000000 -132.223999999999989540810929611325263977050781250000000000000000
Singular edge 6
-130.298666666666662194984382949769496917724609375000000000000000 -132.293333333333322343605686910450458526611328125000000000000000 -130.314666666666653327411040663719177246093750000000000000000000 -132.309333333333341897741775028407573699951171875000000000000000
Singular edge 7
-130.811920529801312795825651846826076507568359375000000000000000 -132.805298013245021593320416286587715148925781250000000000000000 -130.831999999999993633537087589502334594726562500000000000000000 -132.826666666666653782158391550183296203613281250000000000000000
Singular edge 8
-130.831999999999993633537087589502334594726562500000000000000000 -132.826666666666653782158391550183296203613281250000000000000000 -130.842666666666673336294479668140411376953125000000000000000000 -132.842666666666673336294479668140411376953125000000000000000000
Singular edge 9
-130.904635761589389630898949690163135528564453125000000000000000 -132.898013245033098428393714129924774169921875000000000000000000 -130.886092715231768579542404040694236755371093750000000000000000 -132.879470198675477377037168480455875396728515625000000000000000
Singular edge 10
-130.864000000000004320099833421409130096435546875000000000000000 -132.853333333333324617342441342771053314208984375000000000000000 -130.842666666666673336294479668140411376953125000000000000000000 -132.842666666666673336294479668140411376953125000000000000000000
Regular edge 3
-130.405333333333317114011151716113090515136718750000000000000000 -132.400000000000005684341886080801486968994140625000000000000000 -130.415999999999996816768543794751167297363281250000000000000000 -132.405333333333317114011151716113090515136718750000000000000000
Singular edge 11
-130.458666666666658784379251301288604736328125000000000000000000 -132.448000000000007503331289626657962799072265625000000000000000 -130.448000000000007503331289626657962799072265625000000000000000 -132.431999999999987949195201508700847625732421875000000000000000
Regular edge 4
-130.389333333333325981584494002163410186767578125000000000000000 -132.394666666666665832963190041482448577880859375000000000000000 -130.405333333333317114011151716113090515136718750000000000000000 -132.400000000000005684341886080801486968994140625000000000000000
Singular edge 12
-130.415999999999996816768543794751167297363281250000000000000000 -132.405333333333317114011151716113090515136718750000000000000000 -130.437333333333327800573897548019886016845703125000000000000000 -132.421333333333336668147239834070205688476562500000000000000000
Regular edge 5
-130.421333333333336668147239834070205688476562500000000000000000 -132.389333333333325981584494002163410186767578125000000000000000 -130.415999999999996816768543794751167297363281250000000000000000 -132.405333333333317114011151716113090515136718750000000000000000
Singular edge 13
-130.437333333333327800573897548019886016845703125000000000000000 -132.421333333333336668147239834070205688476562500000000000000000 -130.448000000000007503331289626657962799072265625000000000000000 -132.431999999999987949195201508700847625732421875000000000000000
Singular edge 14
-130.234666666666669243568321689963340759277343750000000000000000 -132.229333333333329392189625650644302368164062500000000000000000 -130.240000000000009094947017729282379150390625000000000000000000 -132.223999999999989540810929611325263977050781250000000000000000
Regular edge 6
-130.186666666666667424578918144106864929199218750000000000000000 -132.192000000000007275957614183425903320312500000000000000000000 -130.207999999999998408384271897375583648681640625000000000000000 -132.192000000000007275957614183425903320312500000000000000000000
Singular edge 15
-130.170666666666676292152260430157184600830078125000000000000000 -132.192000000000007275957614183425903320312500000000000000000000 -130.186666666666667424578918144106864929199218750000000000000000 -132.192000000000007275957614183425903320312500000000000000000000
Singular edge 16
-130.159999999999996589394868351519107818603515625000000000000000 -132.170666666666676292152260430157184600830078125000000000000000 -130.170666666666676292152260430157184600830078125000000000000000 -132.192000000000007275957614183425903320312500000000000000000000
Singular edge 17
-130.159999999999996589394868351519107818603515625000000000000000 -132.154666666666656738016172312200069427490234375000000000000000 -130.159999999999996589394868351519107818603515625000000000000000 -132.170666666666676292152260430157184600830078125000000000000000
Singular edge 18
-130.314666666666653327411040663719177246093750000000000000000000 -132.309333333333341897741775028407573699951171875000000000000000 -130.330666666666672881547128781676292419433593750000000000000000 -132.325333333333333030168432742357254028320312500000000000000000
Regular edge 7
-130.389333333333325981584494002163410186767578125000000000000000 -132.394666666666665832963190041482448577880859375000000000000000 -130.389333333333325981584494002163410186767578125000000000000000 -132.378666666666674700536532327532768249511718750000000000000000
Regular edge 8
-130.405333333333317114011151716113090515136718750000000000000000 -132.389333333333325981584494002163410186767578125000000000000000 -130.421333333333336668147239834070205688476562500000000000000000 -132.389333333333325981584494002163410186767578125000000000000000
Regular edge 9
-130.405333333333317114011151716113090515136718750000000000000000 -132.389333333333325981584494002163410186767578125000000000000000 -130.394666666666665832963190041482448577880859375000000000000000 -132.373333333333334849157836288213729858398437500000000000000000
Regular edge 10
-130.367999999999994997779140248894691467285156250000000000000000 -132.367999999999994997779140248894691467285156250000000000000000 -130.389333333333325981584494002163410186767578125000000000000000 -132.378666666666674700536532327532768249511718750000000000000000
Regular edge 11
-130.367999999999994997779140248894691467285156250000000000000000 -132.367999999999994997779140248894691467285156250000000000000000 -130.394666666666665832963190041482448577880859375000000000000000 -132.373333333333334849157836288213729858398437500000000000000000
Singular edge 19
-130.353142408978442290390376001596450805664062500000000000000000 -132.348343568299554817713215015828609466552734375000000000000000 -130.367999999999994997779140248894691467285156250000000000000000 -132.367999999999994997779140248894691467285156250000000000000000
Triangles: 7
Regular Edges: 11
Singular Edges: 19
------------------------------------------
