------------------------------------------
Triangles: 0
Regular Edges: 0
Singular Edges: 0
------------------------------------------
------------------------------------------
Triangle 1
-130.4213333333333366681472398340702056884765625000000000000000000000000 -132.3893333333333259815844940021634101867675781250000000000000000000000 -130.4159999999999968167685437947511672973632812500000000000000000000000 -132.4053333333333171140111517161130905151367187500000000000000000000000 -130.4053333333333171140111517161130905151367187500000000000000000000000 -132.4000000000000056843418860808014869689941406250000000000000000000000
Triangle 2
-130.2079999999999984083842718973755836486816406250000000000000000000000 -132.1920000000000072759576141834259033203125000000000000000000000000000 -130.2026666666666585570055758580565452575683593750000000000000000000000 -132.2079999999999984083842718973755836486816406250000000000000000000000 -130.1866666666666674245789181441068649291992187500000000000000000000000 -132.1920000000000072759576141834259033203125000000000000000000000000000
Triangle 3
-130.3893333333333259815844940021634101867675781250000000000000000000000 -132.3786666666666747005365323275327682495117187500000000000000000000000 -130.4053333333333171140111517161130905151367187500000000000000000000000 -132.3893333333333259815844940021634101867675781250000000000000000000000 -130.3893333333333259815844940021634101867675781250000000000000000000000 -132.3946666666666658329631900414824485778808593750000000000000000000000
Triangle 4
-130.3893333333333259815844940021634101867675781250000000000000000000000 -132.3946666666666658329631900414824485778808593750000000000000000000000 -130.4053333333333171140111517161130905151367187500000000000000000000000 -132.3893333333333259815844940021634101867675781250000000000000000000000 -130.4053333333333171140111517161130905151367187500000000000000000000000 -132.4000000000000056843418860808014869689941406250000000000000000000000
Triangle 5
-130.4213333333333366681472398340702056884765625000000000000000000000000 -132.3893333333333259815844940021634101867675781250000000000000000000000 -130.4053333333333171140111517161130905151367187500000000000000000000000 -132.4000000000000056843418860808014869689941406250000000000000000000000 -130.4053333333333171140111517161130905151367187500000000000000000000000 -132.3893333333333259815844940021634101867675781250000000000000000000000
Triangle 6
-130.3893333333333259815844940021634101867675781250000000000000000000000 -132.3786666666666747005365323275327682495117187500000000000000000000000 -130.3946666666666658329631900414824485778808593750000000000000000000000 -132.3733333333333348491578362882137298583984375000000000000000000000000 -130.4053333333333171140111517161130905151367187500000000000000000000000 -132.3893333333333259815844940021634101867675781250000000000000000000000
Triangle 7
-130.3679999999999949977791402488946914672851562500000000000000000000000 -132.3679999999999949977791402488946914672851562500000000000000000000000 -130.3946666666666658329631900414824485778808593750000000000000000000000 -132.3733333333333348491578362882137298583984375000000000000000000000000 -130.3893333333333259815844940021634101867675781250000000000000000000000 -132.3786666666666747005365323275327682495117187500000000000000000000000
Singular edge 1
-130.2346666666666692435683216899633407592773437500000000000000000000000 -132.2293333333333293921896256506443023681640625000000000000000000000000 -130.2239999999999895408109296113252639770507812500000000000000000000000 -132.2346666666666692435683216899633407592773437500000000000000000000000
Regular edge 1
-130.1866666666666674245789181441068649291992187500000000000000000000000 -132.1920000000000072759576141834259033203125000000000000000000000000000 -130.2026666666666585570055758580565452575683593750000000000000000000000 -132.2079999999999984083842718973755836486816406250000000000000000000000
Singular edge 2
-130.2026666666666585570055758580565452575683593750000000000000000000000 -132.2079999999999984083842718973755836486816406250000000000000000000000 -130.2026666666666585570055758580565452575683593750000000000000000000000 -132.2239999999999895408109296113252639770507812500000000000000000000000
Singular edge 3
-130.2879999999999824922269908711314201354980468750000000000000000000000 -132.2719999999999913598003331571817398071289062500000000000000000000000 -130.2986666666666621949843829497694969177246093750000000000000000000000 -132.2933333333333223436056869104504585266113281250000000000000000000000
Regular edge 2
-130.2026666666666585570055758580565452575683593750000000000000000000000 -132.2079999999999984083842718973755836486816406250000000000000000000000 -130.2079999999999984083842718973755836486816406250000000000000000000000 -132.1920000000000072759576141834259033203125000000000000000000000000000
Singular edge 4
-130.2239999999999895408109296113252639770507812500000000000000000000000 -132.2346666666666692435683216899633407592773437500000000000000000000000 -130.2026666666666585570055758580565452575683593750000000000000000000000 -132.2239999999999895408109296113252639770507812500000000000000000000000
Singular edge 5
-130.2986666666666621949843829497694969177246093750000000000000000000000 -132.2933333333333223436056869104504585266113281250000000000000000000000 -130.3146666666666533274110406637191772460937500000000000000000000000000 -132.3093333333333418977417750284075736999511718750000000000000000000000
Singular edge 6
-130.8119205298013127958256518468260765075683593750000000000000000000000 -132.8052980132450215933204162865877151489257812500000000000000000000000 -130.8319999999999936335370875895023345947265625000000000000000000000000 -132.8266666666666537821583915501832962036132812500000000000000000000000
Singular edge 7
-130.8319999999999936335370875895023345947265625000000000000000000000000 -132.8266666666666537821583915501832962036132812500000000000000000000000 -130.8426666666666733362944796681404113769531250000000000000000000000000 -132.8426666666666733362944796681404113769531250000000000000000000000000
Singular edge 8
-130.9046357615893896308989496901631355285644531250000000000000000000000 -132.8980132450330984283937141299247741699218750000000000000000000000000 -130.8860927152317685795424040406942367553710937500000000000000000000000 -132.8794701986754773770371684804558753967285156250000000000000000000000
Singular edge 9
-130.8640000000000043200998334214091300964355468750000000000000000000000 -132.8533333333333246173424413427710533142089843750000000000000000000000 -130.8426666666666733362944796681404113769531250000000000000000000000000 -132.8426666666666733362944796681404113769531250000000000000000000000000
Regular edge 3
-130.4053333333333171140111517161130905151367187500000000000000000000000 -132.4000000000000056843418860808014869689941406250000000000000000000000 -130.4159999999999968167685437947511672973632812500000000000000000000000 -132.4053333333333171140111517161130905151367187500000000000000000000000
Singular edge 10
-130.4586666666666587843792513012886047363281250000000000000000000000000 -132.4480000000000075033312896266579627990722656250000000000000000000000 -130.4480000000000075033312896266579627990722656250000000000000000000000 -132.4319999999999879491952015087008476257324218750000000000000000000000
Regular edge 4
-130.3893333333333259815844940021634101867675781250000000000000000000000 -132.3946666666666658329631900414824485778808593750000000000000000000000 -130.4053333333333171140111517161130905151367187500000000000000000000000 -132.4000000000000056843418860808014869689941406250000000000000000000000
Singular edge 11
-130.4159999999999968167685437947511672973632812500000000000000000000000 -132.4053333333333171140111517161130905151367187500000000000000000000000 -130.4373333333333278005738975480198860168457031250000000000000000000000 -132.4213333333333366681472398340702056884765625000000000000000000000000
Regular edge 5
-130.4213333333333366681472398340702056884765625000000000000000000000000 -132.3893333333333259815844940021634101867675781250000000000000000000000 -130.4159999999999968167685437947511672973632812500000000000000000000000 -132.4053333333333171140111517161130905151367187500000000000000000000000
Singular edge 12
-130.4373333333333278005738975480198860168457031250000000000000000000000 -132.4213333333333366681472398340702056884765625000000000000000000000000 -130.4480000000000075033312896266579627990722656250000000000000000000000 -132.4319999999999879491952015087008476257324218750000000000000000000000
Singular edge 13
-130.2346666666666692435683216899633407592773437500000000000000000000000 -132.2293333333333293921896256506443023681640625000000000000000000000000 -130.2400000000000090949470177292823791503906250000000000000000000000000 -132.2239999999999895408109296113252639770507812500000000000000000000000
Regular edge 6
-130.1866666666666674245789181441068649291992187500000000000000000000000 -132.1920000000000072759576141834259033203125000000000000000000000000000 -130.2079999999999984083842718973755836486816406250000000000000000000000 -132.1920000000000072759576141834259033203125000000000000000000000000000
Singular edge 14
-130.1706666666666762921522604301571846008300781250000000000000000000000 -132.1920000000000072759576141834259033203125000000000000000000000000000 -130.1866666666666674245789181441068649291992187500000000000000000000000 -132.1920000000000072759576141834259033203125000000000000000000000000000
Singular edge 15
-130.1599999999999965893948683515191078186035156250000000000000000000000 -132.1706666666666762921522604301571846008300781250000000000000000000000 -130.1706666666666762921522604301571846008300781250000000000000000000000 -132.1920000000000072759576141834259033203125000000000000000000000000000
Singular edge 16
-130.1599999999999965893948683515191078186035156250000000000000000000000 -132.1546666666666567380161723122000694274902343750000000000000000000000 -130.1599999999999965893948683515191078186035156250000000000000000000000 -132.1706666666666762921522604301571846008300781250000000000000000000000
Singular edge 17
-130.3146666666666533274110406637191772460937500000000000000000000000000 -132.3093333333333418977417750284075736999511718750000000000000000000000 -130.3306666666666728815471287816762924194335937500000000000000000000000 -132.3253333333333330301684327423572540283203125000000000000000000000000
Regular edge 7
-130.3893333333333259815844940021634101867675781250000000000000000000000 -132.3946666666666658329631900414824485778808593750000000000000000000000 -130.3893333333333259815844940021634101867675781250000000000000000000000 -132.3786666666666747005365323275327682495117187500000000000000000000000
Regular edge 8
-130.4053333333333171140111517161130905151367187500000000000000000000000 -132.3893333333333259815844940021634101867675781250000000000000000000000 -130.4213333333333366681472398340702056884765625000000000000000000000000 -132.3893333333333259815844940021634101867675781250000000000000000000000
Regular edge 9
-130.4053333333333171140111517161130905151367187500000000000000000000000 -132.3893333333333259815844940021634101867675781250000000000000000000000 -130.3946666666666658329631900414824485778808593750000000000000000000000 -132.3733333333333348491578362882137298583984375000000000000000000000000
Regular edge 10
-130.3679999999999949977791402488946914672851562500000000000000000000000 -132.3679999999999949977791402488946914672851562500000000000000000000000 -130.3893333333333259815844940021634101867675781250000000000000000000000 -132.3786666666666747005365323275327682495117187500000000000000000000000
Regular edge 11
-130.3679999999999949977791402488946914672851562500000000000000000000000 -132.3679999999999949977791402488946914672851562500000000000000000000000 -130.3946666666666658329631900414824485778808593750000000000000000000000 -132.3733333333333348491578362882137298583984375000000000000000000000000
Singular edge 18
-130.3531424089784422903903760015964508056640625000000000000000000000000 -132.3483435682995548177132150158286094665527343750000000000000000000000 -130.3679999999999949977791402488946914672851562500000000000000000000000 -132.3679999999999949977791402488946914672851562500000000000000000000000
Triangles: 7
Regular Edges: 11
Singular Edges: 18
------------------------------------------
